0 0.415836 0.338711 0.059797 0.063359
2 0.094297 0.365555 0.066781 0.022859
1 0.546234 0.282164 0.107656 0.159984
2 0.030852 0.422406 0.061703 0.022875
0 0.584625 0.176758 0.066688 0.059766
0 0.684688 0.284820 0.069844 0.069016
0 0.738430 0.341172 0.065641 0.067969
0 0.848641 0.349297 0.054594 0.059844
1 0.454180 0.286391 0.037578 0.123406
0 0.269578 0.361320 0.066031 0.058891
0 0.339914 0.346289 0.062328 0.065078
2 0.899719 0.379969 0.052750 0.018688
2 0.965844 0.436750 0.066781 0.022875
0 0.146258 0.312336 0.056578 0.061859
