2 0.117875 0.123227 0.042437 0.024828
1 0.566359 0.067172 0.071469 0.134344
2 0.074719 0.203063 0.063688 0.027625
0 0.222930 0.138750 0.058047 0.068750
2 0.934523 0.203125 0.066109 0.026250
0 0.286078 0.164164 0.061281 0.075109
0 0.146344 0.095492 0.051125 0.053172
0 0.819070 0.136937 0.049984 0.058625
0 0.597664 0.150203 0.058422 0.060719
1 0.475938 0.069305 0.097812 0.138609
0 0.395195 0.156133 0.058984 0.065234
0 0.681766 0.164242 0.065531 0.064422
0 0.755258 0.156500 0.069797 0.065187
2 0.876766 0.121656 0.045219 0.023000
