0 0.723375 0.813453 0.069813 0.059969
0 0.817258 0.759703 0.064672 0.054094
1 0.558375 0.702211 0.066375 0.134109
1 0.490258 0.703852 0.057078 0.130828
0 0.658906 0.798828 0.063125 0.056406
0 0.307781 0.784062 0.064656 0.052344
2 0.112352 0.796109 0.062203 0.022531
2 0.878766 0.792852 0.055188 0.022422
0 0.584094 0.763258 0.065156 0.061859
2 0.039203 0.861695 0.074156 0.030078
2 0.948438 0.858422 0.075750 0.026219
0 0.373188 0.771117 0.067656 0.063609
0 0.438953 0.754422 0.055187 0.054406
0 0.245352 0.754648 0.057891 0.052359
