0 0.854133 0.391156 0.065484 0.075750
0 0.758906 0.414703 0.067500 0.075656
1 0.605703 0.326266 0.055781 0.164719
0 0.261664 0.366727 0.058328 0.058766
0 0.435422 0.403930 0.064594 0.066922
0 0.363016 0.395187 0.069781 0.066937
0 0.517445 0.419250 0.060203 0.062250
1 0.554750 0.342844 0.046563 0.084219
2 0.950437 0.487727 0.064375 0.028172
2 0.071094 0.493477 0.066688 0.026922
2 0.117938 0.412266 0.064250 0.028031
2 0.890742 0.411742 0.032891 0.019016
0 0.632664 0.439937 0.056859 0.062375
0 0.932867 0.347164 0.055203 0.062766
