0 0.726453 0.389219 0.061156 0.066875
0 0.222344 0.374070 0.062813 0.064703
0 0.368016 0.327781 0.066031 0.075250
0 0.137914 0.347930 0.051141 0.059297
2 0.029555 0.421391 0.059109 0.021219
2 0.092266 0.364539 0.061594 0.021203
2 0.899516 0.378922 0.061594 0.021219
0 0.828898 0.375578 0.057203 0.062719
1 0.487289 0.317320 0.037547 0.100453
2 0.961063 0.434906 0.067594 0.027781
1 0.416258 0.246281 0.076953 0.195312
0 0.515984 0.373016 0.068031 0.065719
0 0.631148 0.395375 0.070516 0.071062
0 0.289641 0.354516 0.066031 0.071531
