0 0.642523 0.016766 0.071266 0.033531
0 0.262648 0.059219 0.055922 0.049687
0 0.374594 0.056859 0.071375 0.073094
2 0.104320 0.108227 0.064172 0.023016
2 0.881922 0.104156 0.060719 0.022625
0 0.457422 0.051117 0.069844 0.063641
1 0.515125 0.038836 0.062125 0.077672
0 0.312320 0.057117 0.072453 0.065484
0 0.735977 0.089266 0.073047 0.072281
0 0.822531 0.064430 0.064313 0.057609
2 0.053047 0.171523 0.079687 0.020797
2 0.950719 0.162766 0.069250 0.021094
0 0.660922 0.092359 0.071281 0.066906
1 0.570437 0.042219 0.071281 0.084125
