1 0.538219 0.213125 0.083562 0.147500
2 0.032313 0.410461 0.064625 0.031578
2 0.950727 0.432039 0.067453 0.030297
0 0.429625 0.285469 0.066375 0.072812
0 0.351883 0.311344 0.074984 0.079250
0 0.821969 0.319805 0.057312 0.056641
0 0.235562 0.350141 0.066906 0.062312
0 0.561336 0.328008 0.073922 0.071797
0 0.299594 0.362367 0.076125 0.068391
1 0.473945 0.212766 0.070516 0.180719
0 0.733187 0.325703 0.075750 0.072031
0 0.651219 0.331406 0.077750 0.079375
2 0.888281 0.357477 0.060625 0.024422
2 0.092852 0.336664 0.065703 0.031984
