2 0.105055 0.107469 0.063641 0.019750
2 0.954789 0.162664 0.064234 0.021891
1 0.510242 0.045469 0.049516 0.090938
1 0.574070 0.042594 0.068578 0.085187
2 0.056438 0.169820 0.069438 0.021359
0 0.646453 0.049422 0.067094 0.066344
0 0.462656 0.116430 0.066562 0.072453
0 0.305859 0.072969 0.062344 0.058438
0 0.862109 0.089109 0.054531 0.056344
0 0.374367 0.091477 0.069703 0.065172
0 0.806922 0.104211 0.065531 0.062172
0 0.726445 0.090023 0.072422 0.066297
2 0.891719 0.105672 0.048656 0.027625
0 0.225531 0.032406 0.063250 0.042625
