0 0.654477 0.428188 0.072609 0.078563
1 0.571328 0.298453 0.074500 0.201531
1 0.487414 0.302891 0.037516 0.099781
2 0.949242 0.474906 0.068672 0.025750
0 0.832945 0.420977 0.075359 0.066953
0 0.402375 0.406648 0.062563 0.065797
0 0.461867 0.373258 0.059672 0.074016
2 0.032344 0.465047 0.064687 0.025750
2 0.098344 0.390937 0.062625 0.025750
2 0.891773 0.404148 0.051453 0.021703
0 0.577656 0.389945 0.063125 0.077078
0 0.735734 0.433344 0.078219 0.074500
0 0.268164 0.399242 0.059453 0.056609
0 0.341383 0.408586 0.064953 0.064672
