2 0.899453 0.380383 0.063687 0.023328
0 0.383086 0.360180 0.071359 0.067922
0 0.298250 0.353750 0.071344 0.083906
0 0.552172 0.289398 0.070656 0.077859
0 0.666750 0.273227 0.075250 0.074266
1 0.510773 0.237898 0.100984 0.169516
2 0.031570 0.422164 0.063141 0.023328
2 0.094750 0.366297 0.063687 0.019906
1 0.430602 0.273273 0.056922 0.167828
2 0.960625 0.435289 0.066969 0.023797
0 0.134555 0.326297 0.055359 0.057906
0 0.841211 0.305820 0.054141 0.065078
0 0.757625 0.281234 0.070688 0.068406
0 0.220055 0.350164 0.063641 0.065328
