2 0.890211 0.408687 0.060359 0.025438
0 0.715563 0.413758 0.062000 0.058453
0 0.368891 0.429102 0.064656 0.057891
0 0.626711 0.395328 0.060641 0.064094
0 0.788805 0.395633 0.064891 0.061578
0 0.273266 0.423750 0.063094 0.061875
0 0.861375 0.367453 0.048500 0.045219
0 0.425953 0.420570 0.061906 0.060828
2 0.115898 0.414078 0.062078 0.024406
2 0.958039 0.487539 0.070578 0.026484
0 0.500914 0.393578 0.061828 0.064031
1 0.602047 0.322188 0.078719 0.177813
1 0.543344 0.348164 0.050312 0.092828
2 0.073867 0.495281 0.070703 0.028469
