0 0.363273 0.110109 0.058422 0.055844
0 0.439000 0.098789 0.059250 0.059453
0 0.213727 0.087375 0.050578 0.046938
2 0.104180 0.108648 0.063828 0.023234
0 0.691203 0.095234 0.066969 0.065781
1 0.562141 0.045625 0.063031 0.091250
0 0.760617 0.099250 0.063453 0.062563
1 0.487680 0.052812 0.059953 0.105625
2 0.952555 0.162797 0.065672 0.020625
2 0.051930 0.170688 0.078359 0.020469
2 0.884281 0.105117 0.054875 0.021641
0 0.825344 0.084648 0.053687 0.059609
0 0.610563 0.077203 0.067625 0.067219
0 0.295422 0.103438 0.066156 0.056562
