0 0.339727 0.483500 0.066641 0.070156
0 0.405008 0.375758 0.101422 0.255016
1 0.542047 0.406500 0.080781 0.209500
0 0.552656 0.536656 0.056250 0.056125
0 0.716820 0.552227 0.057609 0.055703
0 0.638242 0.567055 0.062891 0.067859
0 0.792273 0.534781 0.057328 0.049875
0 0.272367 0.466945 0.066297 0.065141
2 0.051594 0.584562 0.069312 0.031625
0 0.179555 0.439625 0.055672 0.064438
2 0.942484 0.598391 0.069531 0.034750
2 0.112695 0.498602 0.062547 0.029797
2 0.885789 0.513945 0.062797 0.027109
1 0.455977 0.376484 0.041797 0.209500
