0 0.457758 0.119875 0.064359 0.070781
0 0.842523 0.066102 0.065078 0.060953
1 0.500383 0.042344 0.064547 0.084687
1 0.554211 0.049453 0.054359 0.098906
0 0.668242 0.089391 0.074297 0.065031
0 0.577102 0.107055 0.064547 0.071922
0 0.751672 0.084336 0.065094 0.067109
2 0.111766 0.129281 0.056469 0.018625
0 0.370773 0.105391 0.064359 0.070781
0 0.298258 0.085898 0.069953 0.070234
2 0.888320 0.133945 0.061953 0.021484
0 0.180789 0.024984 0.054391 0.048344
2 0.054102 0.189281 0.067109 0.020969
2 0.948211 0.194344 0.065141 0.026438
