0 0.740531 0.760328 0.067375 0.054875
0 0.812438 0.743969 0.060125 0.055344
0 0.658016 0.763102 0.068969 0.061516
0 0.238594 0.752930 0.061250 0.052422
1 0.551219 0.694969 0.058813 0.113062
0 0.463312 0.794523 0.064375 0.062484
2 0.039031 0.861844 0.074875 0.030375
2 0.112641 0.796227 0.062812 0.022828
2 0.877602 0.793031 0.056828 0.022562
1 0.492375 0.695430 0.061313 0.123984
0 0.563766 0.751211 0.049750 0.058859
2 0.948250 0.858273 0.075844 0.026266
0 0.376508 0.797813 0.063891 0.064625
0 0.307109 0.784469 0.069375 0.063656
