0 0.556664 0.314094 0.066359 0.069437
2 0.895477 0.351938 0.062484 0.018000
0 0.467852 0.186969 0.072172 0.066063
1 0.482172 0.250375 0.061500 0.059875
1 0.543297 0.250219 0.114062 0.161500
2 0.949359 0.404281 0.071875 0.024781
2 0.040766 0.375680 0.069781 0.022766
0 0.662508 0.352102 0.072172 0.066078
0 0.779336 0.343313 0.060703 0.056625
0 0.297555 0.348664 0.069484 0.061703
0 0.372641 0.350398 0.065594 0.059859
0 0.443914 0.331109 0.060016 0.069094
0 0.204492 0.333945 0.064609 0.054141
2 0.104430 0.326641 0.063953 0.022656
