2 0.112453 0.796188 0.062656 0.022375
1 0.561773 0.684453 0.063016 0.127344
0 0.703008 0.806258 0.067984 0.055734
2 0.039219 0.861914 0.074031 0.030609
0 0.648070 0.768563 0.066047 0.057031
2 0.948203 0.858187 0.077125 0.026438
0 0.332031 0.802375 0.059281 0.059781
0 0.823211 0.726187 0.058266 0.051687
0 0.240297 0.747938 0.062188 0.058031
0 0.574695 0.769383 0.061234 0.058203
0 0.396148 0.797109 0.068516 0.067469
2 0.878266 0.793141 0.058094 0.022781
1 0.500016 0.701336 0.049406 0.110484
0 0.464797 0.771398 0.065750 0.063828
