2 0.039062 0.861867 0.074750 0.030359
2 0.112648 0.796227 0.062922 0.022766
0 0.589336 0.747383 0.064109 0.060891
2 0.948492 0.858250 0.075234 0.026375
0 0.378000 0.791781 0.065656 0.064969
0 0.245336 0.750406 0.061297 0.052375
0 0.726750 0.797828 0.059625 0.055656
0 0.463594 0.753859 0.069688 0.060813
0 0.313133 0.785211 0.067141 0.057922
0 0.816320 0.754422 0.055484 0.049469
0 0.644578 0.801242 0.068344 0.059672
2 0.878984 0.792953 0.056156 0.022750
1 0.498313 0.703461 0.049437 0.111297
1 0.555797 0.702648 0.061219 0.131547
