1 0.491992 0.696258 0.058672 0.120641
1 0.557516 0.703898 0.064656 0.137484
0 0.246586 0.746188 0.058797 0.052344
0 0.724195 0.805016 0.064672 0.053156
0 0.450930 0.743227 0.064672 0.054891
0 0.383117 0.799539 0.070016 0.065453
0 0.589875 0.754258 0.064781 0.063203
2 0.948563 0.858305 0.075375 0.026516
0 0.818984 0.763000 0.057625 0.046375
2 0.038789 0.861906 0.074734 0.030469
2 0.112727 0.796109 0.062859 0.022719
2 0.879492 0.793094 0.055984 0.022625
0 0.315992 0.786070 0.067266 0.058266
0 0.646180 0.803336 0.067953 0.059078
