0 0.416391 0.431977 0.063094 0.075516
0 0.180602 0.407195 0.056203 0.065328
0 0.779492 0.402133 0.058203 0.054578
0 0.537078 0.399758 0.057719 0.064516
0 0.684484 0.431289 0.052281 0.051016
0 0.607297 0.429641 0.061656 0.065219
1 0.539453 0.306789 0.094094 0.187516
2 0.053438 0.511289 0.065312 0.031797
2 0.113008 0.425102 0.061328 0.024797
0 0.334516 0.418547 0.065281 0.076156
0 0.267211 0.418078 0.067547 0.063656
2 0.884672 0.439680 0.056625 0.025609
1 0.450812 0.329594 0.045062 0.177313
2 0.941336 0.521828 0.068766 0.027094
