1 0.558391 0.685250 0.069781 0.130813
0 0.313312 0.816102 0.063344 0.056984
0 0.654703 0.793289 0.061000 0.054703
2 0.874539 0.792609 0.062891 0.020906
0 0.384852 0.806180 0.066172 0.064484
2 0.947688 0.858687 0.075812 0.026812
2 0.037039 0.860227 0.068953 0.027078
2 0.111383 0.795992 0.060797 0.023422
0 0.580031 0.763234 0.066187 0.059156
0 0.236422 0.773406 0.064562 0.053656
0 0.459617 0.791961 0.058797 0.056203
0 0.805406 0.780883 0.067156 0.059047
0 0.730969 0.793570 0.067156 0.059047
1 0.492000 0.692875 0.067125 0.113875
