0 0.593656 0.033516 0.065813 0.061094
0 0.213805 0.051484 0.068859 0.056406
2 0.051547 0.171750 0.070969 0.021031
2 0.103289 0.108555 0.063422 0.022391
1 0.480078 0.031555 0.047500 0.063109
1 0.548125 0.044766 0.047500 0.089531
0 0.431867 0.060555 0.062172 0.066422
2 0.884805 0.105016 0.061172 0.019344
0 0.744539 0.068461 0.067484 0.051609
0 0.346117 0.053875 0.065359 0.057125
0 0.669562 0.050391 0.064625 0.058281
0 0.829234 0.047695 0.057469 0.054766
0 0.285656 0.051969 0.064438 0.051125
2 0.950992 0.163445 0.068203 0.023484
