1 0.539359 0.390844 0.058781 0.122312
2 0.950453 0.537586 0.083094 0.031516
0 0.726648 0.498937 0.062422 0.055469
0 0.314984 0.465117 0.074406 0.061484
0 0.547109 0.473062 0.061375 0.060438
0 0.381305 0.450688 0.075734 0.060719
2 0.117062 0.477898 0.068531 0.023172
0 0.636602 0.495469 0.073734 0.061687
0 0.261203 0.466758 0.067406 0.053672
0 0.043055 0.474211 0.086109 0.083516
0 0.824391 0.470773 0.057562 0.052828
2 0.045250 0.554055 0.076625 0.029828
0 0.465461 0.445930 0.074578 0.057422
1 0.487344 0.403961 0.027500 0.079172
