2 0.037242 0.861172 0.069734 0.028656
0 0.459984 0.767406 0.066719 0.060594
0 0.586430 0.739406 0.060641 0.054594
0 0.792719 0.791875 0.062063 0.059031
0 0.714047 0.800336 0.067156 0.059047
1 0.497039 0.694586 0.046891 0.101984
1 0.555820 0.701805 0.056172 0.129859
0 0.383789 0.787852 0.066578 0.065078
2 0.872563 0.793508 0.064563 0.023547
2 0.947867 0.858547 0.076516 0.026844
0 0.242992 0.762961 0.067391 0.057578
0 0.650570 0.786523 0.057891 0.058734
2 0.111008 0.796289 0.061141 0.023609
0 0.317828 0.792586 0.065969 0.058703
