0 0.238047 0.170609 0.060469 0.051531
0 0.838430 0.160320 0.055953 0.053766
2 0.095562 0.183758 0.062312 0.025328
2 0.038914 0.275531 0.067047 0.031062
1 0.571547 0.098852 0.065344 0.194953
1 0.510008 0.108680 0.044078 0.148297
2 0.883117 0.186367 0.059703 0.028516
0 0.683984 0.207117 0.065781 0.067047
0 0.593594 0.193773 0.057813 0.068641
0 0.386750 0.208023 0.061625 0.064797
0 0.322109 0.191141 0.058906 0.057281
0 0.758875 0.197969 0.058500 0.062187
2 0.950313 0.277414 0.067844 0.035609
0 0.474555 0.183914 0.066828 0.069359
