2 0.102398 0.326102 0.059578 0.022484
2 0.947914 0.403180 0.069484 0.021453
0 0.449062 0.339102 0.070938 0.067891
1 0.472531 0.211180 0.059344 0.149422
0 0.219672 0.310398 0.057156 0.052047
0 0.697516 0.378953 0.067781 0.067906
0 0.309836 0.333594 0.061234 0.062500
0 0.603320 0.380078 0.068984 0.076094
0 0.549070 0.241969 0.068984 0.076094
0 0.377578 0.327094 0.064531 0.071500
0 0.807734 0.370563 0.057031 0.053000
1 0.538711 0.302352 0.103516 0.060016
2 0.894242 0.350258 0.059328 0.021453
2 0.039984 0.374375 0.065313 0.023594
