0 0.827406 0.771570 0.067156 0.059047
1 0.481773 0.716656 0.059797 0.146437
0 0.288562 0.794430 0.062500 0.057766
0 0.354438 0.796320 0.067594 0.065078
1 0.571531 0.700531 0.058813 0.147625
0 0.680180 0.785555 0.063484 0.062672
0 0.758867 0.777891 0.068828 0.059844
2 0.947867 0.858656 0.076391 0.026719
0 0.581523 0.768375 0.055609 0.061406
0 0.440031 0.786195 0.058469 0.056953
2 0.036508 0.860016 0.070234 0.026187
2 0.110516 0.796078 0.059312 0.022625
2 0.877469 0.792539 0.062812 0.021016
0 0.220250 0.771047 0.055781 0.050438
