0 0.854883 0.375422 0.064609 0.055531
1 0.529758 0.294016 0.054859 0.112375
2 0.077047 0.495352 0.068219 0.028609
2 0.118922 0.414672 0.058250 0.025531
1 0.604039 0.228398 0.103766 0.138484
2 0.954477 0.485734 0.071859 0.027344
2 0.889867 0.408609 0.057453 0.024656
0 0.231367 0.329234 0.070547 0.065031
0 0.492727 0.366781 0.063266 0.076687
0 0.618555 0.331586 0.071328 0.076609
0 0.768992 0.371914 0.078891 0.072891
0 0.409125 0.346984 0.070125 0.077719
0 0.340398 0.340602 0.083922 0.079016
0 0.694094 0.361055 0.082125 0.075547
