0 0.648305 0.369000 0.068391 0.069250
0 0.428844 0.381609 0.057375 0.060406
0 0.864820 0.375422 0.066609 0.055219
1 0.487445 0.322555 0.074891 0.119797
1 0.619531 0.305797 0.092812 0.195594
2 0.026773 0.470711 0.053547 0.019859
0 0.213953 0.372336 0.067906 0.057797
0 0.360484 0.371180 0.070656 0.068922
0 0.728500 0.376188 0.081438 0.073313
2 0.894773 0.415281 0.057328 0.020687
2 0.075016 0.410703 0.059656 0.018906
2 0.965383 0.467625 0.068547 0.022781
0 0.799242 0.377445 0.075266 0.080516
0 0.296164 0.380930 0.072641 0.069047
