1 0.538516 0.410719 0.052031 0.116438
2 0.949945 0.537719 0.080984 0.031375
0 0.371648 0.459211 0.074172 0.068609
0 0.304633 0.473297 0.068672 0.056750
2 0.862289 0.463750 0.042422 0.019656
2 0.118367 0.476391 0.067453 0.022687
0 0.444688 0.456617 0.058188 0.052672
0 0.719969 0.484773 0.067156 0.059047
0 0.802031 0.477148 0.067156 0.059047
2 0.043281 0.554188 0.076437 0.030406
0 0.238344 0.470180 0.064219 0.049359
0 0.651914 0.472273 0.072453 0.059609
0 0.563063 0.453875 0.059812 0.056625
1 0.479703 0.408656 0.040969 0.098562
