0 0.623344 0.031438 0.071438 0.062875
0 0.856453 0.095805 0.051156 0.051516
0 0.778727 0.114477 0.062234 0.064484
0 0.377648 0.116234 0.067203 0.070031
0 0.684203 0.103711 0.068469 0.071484
0 0.246945 0.112211 0.063922 0.068078
0 0.313266 0.126508 0.069406 0.078391
2 0.056844 0.168930 0.075312 0.021984
2 0.897727 0.105273 0.039203 0.022266
2 0.954625 0.162562 0.065125 0.023688
2 0.108406 0.108773 0.070750 0.022141
1 0.563359 0.043125 0.057969 0.086250
1 0.502125 0.058711 0.041688 0.115391
0 0.457906 0.098188 0.066375 0.070500
