0 0.436727 0.411492 0.060922 0.065484
1 0.480766 0.315508 0.046000 0.162828
2 0.095781 0.390953 0.064062 0.020969
2 0.034469 0.464031 0.068937 0.027094
2 0.888711 0.403141 0.061953 0.020969
0 0.548336 0.410820 0.063641 0.057891
0 0.722953 0.428750 0.070969 0.068438
0 0.631359 0.437781 0.069781 0.061500
0 0.283672 0.422102 0.064219 0.068266
0 0.814187 0.419977 0.053812 0.058391
0 0.356492 0.426727 0.060797 0.063766
0 0.194023 0.397836 0.054297 0.061297
2 0.949227 0.475422 0.069078 0.027094
1 0.544172 0.318422 0.061969 0.139656
