2 0.961187 0.436195 0.067156 0.025797
2 0.093281 0.365555 0.067156 0.025797
2 0.030945 0.420375 0.061891 0.025781
2 0.904422 0.378789 0.054906 0.021797
1 0.487828 0.284570 0.051219 0.149609
1 0.553352 0.290492 0.072047 0.172859
0 0.858602 0.379859 0.047484 0.052844
0 0.201180 0.326445 0.054234 0.054766
0 0.773297 0.397523 0.060594 0.059734
0 0.375000 0.350906 0.065000 0.069938
0 0.451523 0.341977 0.064297 0.081141
0 0.303945 0.348734 0.064766 0.058719
0 0.678984 0.400992 0.071094 0.066359
0 0.580891 0.350523 0.063844 0.067922
