0 0.738164 0.784117 0.061984 0.049047
1 0.502477 0.716562 0.051016 0.115031
1 0.556672 0.683578 0.066344 0.112156
0 0.245563 0.764555 0.074656 0.054578
2 0.111187 0.796039 0.061031 0.023359
2 0.036805 0.860234 0.070234 0.026531
2 0.947953 0.858812 0.074969 0.026656
0 0.663195 0.774188 0.064984 0.055938
0 0.568859 0.749148 0.056906 0.058297
0 0.326102 0.794328 0.062828 0.056594
2 0.875789 0.792375 0.062047 0.021344
0 0.465727 0.786320 0.063297 0.062609
0 0.388172 0.789273 0.062875 0.062953
0 0.819633 0.751320 0.060703 0.050359
