0 0.289344 0.117836 0.067563 0.071203
0 0.433812 0.120687 0.061437 0.078938
0 0.596453 0.118477 0.062719 0.064453
2 0.926023 0.202555 0.066984 0.028172
1 0.557883 0.056586 0.081734 0.113172
0 0.226711 0.097523 0.052484 0.064328
0 0.688773 0.136320 0.069328 0.061391
0 0.350141 0.129945 0.067844 0.075109
0 0.826906 0.120094 0.056188 0.055500
0 0.759750 0.129141 0.065813 0.059219
2 0.870609 0.122578 0.045031 0.021094
1 0.484898 0.066766 0.063703 0.133531
2 0.067273 0.199734 0.063578 0.026156
2 0.120156 0.121836 0.054688 0.024141
