1 0.500875 0.701336 0.047687 0.110484
2 0.878734 0.793070 0.057094 0.022797
2 0.039172 0.861484 0.073844 0.030219
2 0.948781 0.858234 0.076281 0.025938
0 0.739914 0.759352 0.071016 0.057766
0 0.330586 0.797531 0.065734 0.059687
2 0.112625 0.796078 0.062156 0.022656
0 0.250320 0.739414 0.058953 0.057266
0 0.832484 0.704734 0.064656 0.052344
0 0.402750 0.806156 0.067281 0.065781
0 0.563836 0.773773 0.064266 0.058891
0 0.472320 0.775617 0.065672 0.060109
0 0.647711 0.764984 0.061578 0.055719
1 0.551602 0.684023 0.068047 0.118047
