0 0.813875 0.749578 0.064656 0.052344
1 0.559227 0.695430 0.066359 0.132453
2 0.878016 0.792891 0.056469 0.022063
2 0.039594 0.861672 0.076094 0.030500
2 0.948289 0.858117 0.076203 0.026391
2 0.112516 0.796188 0.062781 0.022531
0 0.321672 0.750484 0.071031 0.053219
0 0.651797 0.787758 0.067344 0.062703
0 0.559719 0.806609 0.062000 0.058000
0 0.741141 0.768578 0.067031 0.056500
0 0.474781 0.772828 0.068250 0.065656
0 0.389898 0.754461 0.067078 0.058828
1 0.500422 0.687383 0.053656 0.111328
0 0.251656 0.729273 0.060500 0.052359
