0 0.313305 0.795758 0.069203 0.063672
0 0.665664 0.813539 0.071703 0.065078
0 0.593141 0.763844 0.069406 0.061437
2 0.882375 0.792813 0.049281 0.022438
0 0.382023 0.794437 0.067797 0.063625
0 0.453195 0.774039 0.070016 0.065953
2 0.949211 0.858531 0.074953 0.026656
2 0.039039 0.861961 0.074422 0.030453
0 0.238414 0.760641 0.066078 0.054187
2 0.112664 0.796203 0.062797 0.022250
0 0.744500 0.811336 0.071687 0.065078
0 0.824430 0.797797 0.058953 0.065062
1 0.563008 0.714914 0.070547 0.156078
1 0.489016 0.682703 0.068031 0.117281
