2 0.075805 0.837484 0.067609 0.030031
0 0.796102 0.660727 0.055297 0.057391
0 0.507367 0.696867 0.040203 0.048703
0 0.730297 0.702187 0.060781 0.050531
0 0.403031 0.726664 0.068187 0.058578
0 0.223805 0.699906 0.067609 0.052594
0 0.333508 0.731109 0.068828 0.059813
2 0.922695 0.774062 0.075828 0.023688
0 0.654781 0.708945 0.065594 0.060453
0 0.551313 0.711883 0.063594 0.060797
0 0.459922 0.723391 0.055437 0.052250
2 0.086711 0.763984 0.062141 0.025563
1 0.511852 0.645516 0.066359 0.132437
2 0.796953 0.715734 0.053906 0.018625
