0 0.388047 0.753516 0.065781 0.061406
0 0.570250 0.806828 0.062219 0.055000
2 0.875523 0.792516 0.061172 0.020750
2 0.948484 0.858805 0.074844 0.026859
0 0.665422 0.801484 0.068406 0.056594
0 0.323781 0.759266 0.063500 0.061000
2 0.037039 0.860641 0.069797 0.027406
2 0.111516 0.796078 0.062000 0.023750
0 0.740156 0.800125 0.064281 0.052906
0 0.465852 0.732836 0.060422 0.057141
0 0.263953 0.742805 0.067156 0.059047
1 0.501266 0.690312 0.046906 0.103750
1 0.557563 0.720414 0.066438 0.146766
0 0.815156 0.777906 0.052813 0.051438
