1 0.527219 0.370648 0.036813 0.072953
0 0.850703 0.394102 0.053281 0.051641
0 0.285352 0.373930 0.072578 0.057859
0 0.487844 0.394328 0.066000 0.066156
0 0.422297 0.399195 0.062719 0.065578
0 0.627367 0.386781 0.073078 0.069813
2 0.892539 0.409062 0.053359 0.025312
1 0.603375 0.266914 0.118906 0.156328
2 0.950219 0.486125 0.068313 0.026469
0 0.698141 0.410359 0.065594 0.071344
0 0.769844 0.415125 0.065625 0.059313
2 0.071328 0.494008 0.070031 0.026641
2 0.119852 0.413562 0.065609 0.028313
0 0.361547 0.400492 0.068719 0.064422
