2 0.069695 0.200195 0.069359 0.028359
2 0.123234 0.120656 0.062094 0.024625
2 0.869813 0.122359 0.054750 0.025594
0 0.591656 0.101125 0.071125 0.071500
0 0.747062 0.123344 0.062438 0.076125
0 0.816719 0.109320 0.052813 0.062297
0 0.670680 0.131352 0.068547 0.086047
0 0.405789 0.122641 0.057172 0.066594
1 0.480391 0.064750 0.077031 0.129500
1 0.550586 0.048562 0.068203 0.097094
0 0.248945 0.106977 0.067734 0.069797
0 0.173937 0.066023 0.058812 0.048766
0 0.315055 0.133500 0.063953 0.072063
2 0.923914 0.202422 0.064641 0.026344
