0 0.796109 0.474617 0.067156 0.059047
2 0.950016 0.537922 0.081219 0.031656
0 0.445664 0.467148 0.065641 0.057109
0 0.368359 0.469508 0.071813 0.063203
2 0.118648 0.476367 0.066828 0.022734
0 0.305805 0.477469 0.060922 0.054500
0 0.664656 0.461242 0.072000 0.060797
2 0.859492 0.463656 0.050516 0.024125
2 0.043336 0.554594 0.076797 0.030781
1 0.481781 0.420469 0.043562 0.100312
1 0.537656 0.406953 0.058750 0.127344
0 0.244906 0.472539 0.056125 0.051484
0 0.573609 0.433164 0.067156 0.059047
0 0.729266 0.472930 0.067156 0.059047
