0 0.790188 0.060766 0.069625 0.064656
0 0.274070 0.086719 0.067516 0.070000
0 0.722102 0.060398 0.066734 0.067984
0 0.602484 0.087141 0.067219 0.062719
0 0.883687 0.054367 0.053250 0.058109
0 0.218172 0.079203 0.055406 0.054656
2 0.103086 0.108891 0.061016 0.024062
0 0.344781 0.048719 0.070500 0.075250
2 0.052133 0.171563 0.075109 0.021437
0 0.436328 0.055437 0.061406 0.062125
2 0.952375 0.163406 0.066531 0.023406
2 0.881609 0.104672 0.057406 0.019406
1 0.572945 0.030945 0.051922 0.061891
1 0.492266 0.028203 0.051938 0.056406
