2 0.947547 0.575297 0.069125 0.022000
2 0.883680 0.505922 0.051391 0.022000
0 0.270969 0.476102 0.053812 0.053453
0 0.634297 0.497133 0.058594 0.056141
2 0.110766 0.504438 0.063406 0.023531
2 0.054492 0.578008 0.069141 0.022016
0 0.729953 0.518453 0.062281 0.060656
0 0.386328 0.509445 0.062969 0.058578
0 0.451242 0.505125 0.060297 0.059937
0 0.828914 0.506953 0.058734 0.057344
0 0.516445 0.479898 0.063203 0.059172
1 0.545383 0.420352 0.043172 0.107641
1 0.639203 0.376789 0.097844 0.208766
0 0.979820 0.448391 0.040359 0.057344
