0 0.740844 0.799789 0.060969 0.053016
0 0.458086 0.753992 0.059141 0.050891
0 0.819391 0.778398 0.057875 0.055547
0 0.383047 0.769797 0.070969 0.068312
2 0.948102 0.858719 0.074922 0.026656
0 0.660266 0.799859 0.066781 0.061594
0 0.562992 0.802562 0.058797 0.060781
0 0.241773 0.762945 0.066109 0.051641
2 0.110852 0.796078 0.060516 0.023125
2 0.036789 0.860289 0.070203 0.026578
2 0.875969 0.792484 0.061313 0.021000
0 0.317086 0.787742 0.067391 0.058016
1 0.500031 0.718234 0.054437 0.139281
1 0.557984 0.708539 0.065594 0.150203
