0 0.290555 0.379594 0.059859 0.060125
0 0.511063 0.391562 0.054437 0.060312
2 0.089742 0.365555 0.048234 0.023797
2 0.030031 0.422406 0.060062 0.023781
2 0.901406 0.377734 0.063500 0.023781
2 0.964234 0.435500 0.063500 0.023781
1 0.491250 0.300187 0.069375 0.141313
0 0.130414 0.361641 0.052703 0.050156
0 0.367953 0.367109 0.060906 0.061719
0 0.806914 0.357508 0.056172 0.053453
0 0.611328 0.395250 0.061094 0.064250
0 0.701906 0.388969 0.061500 0.060437
0 0.224008 0.377648 0.062391 0.055297
1 0.414227 0.274297 0.058141 0.177281
