0 0.383383 0.791289 0.066453 0.066297
0 0.657906 0.749289 0.065969 0.056484
0 0.257875 0.791891 0.056688 0.051594
2 0.877172 0.793094 0.058656 0.022469
0 0.451648 0.770813 0.063047 0.061031
2 0.947867 0.858063 0.077203 0.026437
0 0.723922 0.772656 0.074031 0.058844
0 0.802031 0.763117 0.067156 0.059047
2 0.039062 0.861758 0.072844 0.030266
1 0.558398 0.684414 0.061328 0.125703
1 0.494484 0.698813 0.057094 0.122312
0 0.576031 0.753500 0.059750 0.052625
0 0.323688 0.804578 0.059938 0.053812
2 0.112570 0.796023 0.062484 0.022391
