0 0.445906 0.768664 0.066875 0.060734
0 0.302805 0.793016 0.068078 0.061594
1 0.490687 0.686937 0.066375 0.125750
1 0.572742 0.704711 0.062953 0.149422
0 0.829102 0.763117 0.067172 0.059047
0 0.672828 0.798602 0.060156 0.059359
2 0.948187 0.858797 0.076062 0.026594
2 0.876938 0.792508 0.061812 0.020984
0 0.577297 0.781563 0.063313 0.053969
0 0.373570 0.785281 0.065484 0.068625
2 0.111039 0.796047 0.060047 0.023094
2 0.036664 0.860008 0.069828 0.026391
0 0.231297 0.774883 0.065469 0.053172
0 0.753203 0.788164 0.058875 0.050578
