0 0.415125 0.333984 0.067875 0.071719
0 0.153609 0.339688 0.057844 0.058125
2 0.093906 0.365484 0.066406 0.020750
2 0.031406 0.420469 0.062813 0.020750
2 0.899328 0.378172 0.061344 0.020750
1 0.453875 0.297773 0.042250 0.144141
2 0.960461 0.435953 0.066391 0.020750
0 0.572859 0.299906 0.074156 0.070812
0 0.257883 0.374367 0.065141 0.065922
0 0.332906 0.375078 0.065500 0.075469
1 0.535617 0.235648 0.109141 0.184797
0 0.862047 0.290937 0.052469 0.062500
0 0.689383 0.264148 0.080016 0.072328
0 0.782711 0.277438 0.068234 0.061062
