2 0.037547 0.860961 0.069187 0.028734
2 0.111047 0.796539 0.061312 0.023328
0 0.249734 0.781008 0.064969 0.052641
0 0.376266 0.794781 0.063906 0.062812
0 0.444422 0.759961 0.058281 0.048828
2 0.874687 0.792422 0.063500 0.021125
2 0.948523 0.858648 0.075297 0.026578
0 0.324031 0.803719 0.067156 0.059031
0 0.657352 0.754516 0.067672 0.060000
0 0.725461 0.772414 0.069703 0.065797
0 0.812211 0.744500 0.062141 0.059031
1 0.557555 0.685688 0.063016 0.128250
1 0.493242 0.698000 0.047734 0.110375
0 0.578016 0.750844 0.061875 0.052656
