1 0.559664 0.058172 0.061453 0.116344
1 0.482750 0.059992 0.057063 0.119984
2 0.883906 0.103727 0.058125 0.016828
2 0.103234 0.108578 0.068406 0.021750
0 0.361977 0.122172 0.058953 0.061531
2 0.051812 0.170203 0.071719 0.021750
0 0.686023 0.108672 0.075453 0.069219
0 0.601938 0.097250 0.065188 0.064500
0 0.293945 0.122547 0.067891 0.066344
2 0.952492 0.162789 0.064828 0.021109
0 0.757023 0.115898 0.069703 0.065234
0 0.223211 0.110359 0.059547 0.060406
0 0.817250 0.099609 0.058000 0.061094
0 0.435219 0.100297 0.060125 0.072781
