2 0.883758 0.792008 0.057359 0.020609
0 0.383586 0.786383 0.061484 0.059609
2 0.938688 0.862867 0.072625 0.030234
0 0.637562 0.767719 0.061437 0.049281
0 0.462719 0.778734 0.053594 0.053656
0 0.630102 0.713117 0.058891 0.048141
0 0.260445 0.777656 0.053172 0.049906
0 0.322047 0.792828 0.054875 0.048906
2 0.067258 0.827078 0.081984 0.027313
2 0.158359 0.770320 0.061438 0.025297
1 0.500234 0.713367 0.049375 0.122641
0 0.725047 0.774109 0.067156 0.059031
0 0.571063 0.730117 0.067156 0.059047
0 0.813031 0.747883 0.067156 0.059047
