2 0.876375 0.126172 0.060719 0.033094
1 0.561266 0.054688 0.080031 0.109375
0 0.763125 0.138578 0.067187 0.065656
0 0.686422 0.151719 0.067844 0.065000
2 0.075164 0.195000 0.072109 0.028219
0 0.271000 0.155922 0.060438 0.059656
2 0.131352 0.117641 0.071266 0.026094
0 0.581828 0.131500 0.063031 0.070125
0 0.822023 0.119687 0.047484 0.051562
0 0.328328 0.167563 0.061969 0.062625
0 0.215625 0.130156 0.055000 0.057187
0 0.422984 0.156367 0.055969 0.060547
1 0.481086 0.069078 0.060547 0.133094
2 0.928766 0.207070 0.070813 0.029453
