2 0.885742 0.133375 0.059453 0.021875
2 0.107773 0.129719 0.059453 0.022125
2 0.051016 0.188961 0.069531 0.023141
1 0.565727 0.065391 0.075734 0.130781
0 0.624469 0.081375 0.076687 0.069313
0 0.371391 0.123203 0.062156 0.065781
0 0.310820 0.121711 0.055703 0.054672
0 0.765156 0.119148 0.066563 0.061734
0 0.692391 0.110469 0.070219 0.064688
0 0.224977 0.103320 0.059641 0.052266
0 0.452430 0.124289 0.057672 0.061703
2 0.945273 0.194039 0.066516 0.025172
1 0.506008 0.065219 0.064516 0.130438
0 0.855617 0.098859 0.059078 0.057719
