0 0.433266 0.750500 0.059750 0.059469
1 0.576594 0.712766 0.065562 0.170531
0 0.832516 0.780000 0.057063 0.052344
1 0.490719 0.697531 0.068000 0.131625
0 0.767328 0.797125 0.062812 0.051125
2 0.036141 0.860000 0.070844 0.025656
2 0.110961 0.796188 0.061359 0.022844
0 0.293938 0.804531 0.064938 0.056656
0 0.685961 0.803406 0.065203 0.053500
2 0.880297 0.792719 0.057375 0.020531
0 0.357648 0.779680 0.069672 0.063328
2 0.948047 0.858742 0.075500 0.026734
0 0.589234 0.802383 0.055563 0.050641
0 0.219516 0.778563 0.059188 0.049344
