0 0.381672 0.763031 0.073500 0.068062
2 0.947461 0.858539 0.077516 0.026672
0 0.656258 0.760859 0.066578 0.057563
2 0.873203 0.793344 0.066313 0.023281
0 0.246281 0.771430 0.069844 0.053422
2 0.037406 0.860859 0.069000 0.028563
2 0.110914 0.796477 0.060109 0.022828
0 0.713102 0.794758 0.062516 0.050266
0 0.578281 0.759094 0.066656 0.050094
0 0.311109 0.773508 0.066313 0.056328
1 0.490680 0.683188 0.057922 0.112937
1 0.558367 0.687844 0.062953 0.130688
0 0.791875 0.802031 0.067156 0.059031
0 0.450078 0.742805 0.067156 0.059047
