0 0.262180 0.758781 0.065516 0.058062
0 0.331602 0.790703 0.070078 0.062031
0 0.473672 0.745500 0.066312 0.059313
1 0.508875 0.709414 0.033375 0.096016
2 0.948445 0.858758 0.074484 0.026828
2 0.036812 0.860461 0.070125 0.027047
2 0.111273 0.796055 0.061328 0.023453
0 0.825719 0.747883 0.067156 0.059047
0 0.749117 0.773242 0.073016 0.065859
2 0.875352 0.792555 0.063953 0.021547
1 0.557500 0.700953 0.069688 0.128156
0 0.664766 0.773508 0.066188 0.067266
0 0.567781 0.778500 0.063125 0.060063
0 0.394586 0.779922 0.071516 0.066219
