0 0.244805 0.103422 0.057266 0.056594
2 0.126008 0.118336 0.060922 0.026172
2 0.928180 0.207328 0.071453 0.031094
0 0.301367 0.121508 0.064453 0.066359
1 0.460570 0.053359 0.064172 0.102656
0 0.389406 0.117687 0.060563 0.070875
0 0.172195 0.052023 0.055641 0.055328
1 0.551086 0.044844 0.065641 0.089688
2 0.066414 0.197375 0.068734 0.028500
0 0.598672 0.083992 0.062344 0.052359
2 0.873125 0.127570 0.057813 0.025797
0 0.830469 0.084836 0.050000 0.043734
0 0.698031 0.099750 0.064250 0.055437
0 0.767203 0.095109 0.062781 0.056156
