0 0.385906 0.774328 0.069687 0.066219
2 0.038734 0.861875 0.074500 0.030344
0 0.667664 0.784133 0.063641 0.058516
0 0.755781 0.771633 0.074313 0.056734
2 0.112766 0.796281 0.063031 0.021875
0 0.827836 0.753344 0.059953 0.049188
0 0.240453 0.749695 0.058219 0.055453
2 0.951109 0.859258 0.073031 0.026703
1 0.562602 0.687805 0.066359 0.132484
1 0.498289 0.694195 0.064703 0.123078
0 0.575625 0.793016 0.063437 0.055531
2 0.879602 0.793336 0.056891 0.022891
0 0.474211 0.779750 0.070203 0.059656
0 0.310086 0.772156 0.071953 0.062750
