0 0.224187 0.730117 0.067156 0.059047
0 0.324578 0.798680 0.061094 0.056078
2 0.112461 0.796133 0.062641 0.022391
0 0.578781 0.759727 0.060656 0.051953
0 0.653406 0.762250 0.065531 0.057656
2 0.039234 0.861695 0.074219 0.030391
2 0.947945 0.858023 0.076547 0.026484
2 0.877328 0.793039 0.058500 0.022453
0 0.390047 0.795625 0.068531 0.065500
0 0.455477 0.765992 0.061891 0.060609
1 0.559227 0.684828 0.064672 0.129969
1 0.496594 0.699680 0.052875 0.117172
0 0.800336 0.786797 0.064672 0.052344
0 0.705984 0.807070 0.067156 0.059047
