0 0.400305 0.347359 0.076547 0.082219
2 0.029656 0.471594 0.056906 0.020406
1 0.525273 0.333602 0.047578 0.073109
2 0.894297 0.412258 0.056906 0.020391
2 0.970437 0.466062 0.056906 0.020406
2 0.074000 0.411242 0.056906 0.020391
1 0.633563 0.266031 0.107437 0.167469
0 0.671852 0.274672 0.071297 0.079656
0 0.719883 0.345820 0.081484 0.078203
0 0.739070 0.423992 0.077172 0.069859
0 0.475984 0.314273 0.078531 0.083859
0 0.252812 0.412672 0.073438 0.062219
0 0.340742 0.406766 0.076797 0.063844
0 0.890719 0.362023 0.061063 0.058109
