1 0.456594 0.272789 0.049937 0.116609
0 0.343875 0.329391 0.065250 0.069719
0 0.408469 0.273984 0.063812 0.075781
0 0.810953 0.352969 0.069031 0.057813
0 0.185156 0.329508 0.060937 0.060266
0 0.570547 0.267141 0.072344 0.073344
2 0.892266 0.350836 0.061094 0.021141
2 0.949125 0.402109 0.075312 0.026219
2 0.105469 0.325938 0.059063 0.018125
2 0.042516 0.375172 0.075313 0.026219
1 0.544047 0.313273 0.075313 0.058766
0 0.708180 0.361734 0.075516 0.060656
0 0.621031 0.367141 0.074187 0.066781
0 0.266937 0.338156 0.066688 0.071625
