0 0.418273 0.553727 0.067828 0.072859
0 0.345797 0.560203 0.066844 0.066781
0 0.499023 0.532687 0.062891 0.065250
0 0.252031 0.540813 0.056563 0.056813
2 0.050867 0.583852 0.066484 0.031141
0 0.714086 0.428469 0.068234 0.070687
0 0.914281 0.533500 0.054563 0.055750
2 0.112883 0.500367 0.062672 0.025828
0 0.782922 0.527336 0.069781 0.070922
0 0.825359 0.556742 0.065219 0.065984
1 0.608078 0.396883 0.089469 0.204391
1 0.541563 0.446875 0.036656 0.130219
2 0.046906 0.080742 0.088906 0.025578
2 0.941711 0.598078 0.072016 0.031719
