0 0.177836 0.389977 0.046297 0.050266
2 0.882836 0.438172 0.057766 0.025844
0 0.789562 0.395906 0.051500 0.054625
2 0.050484 0.507852 0.070531 0.033297
2 0.111742 0.423508 0.060578 0.032359
1 0.438703 0.289141 0.055844 0.138906
0 0.335273 0.410469 0.060859 0.060937
0 0.272313 0.410234 0.059938 0.059531
0 0.406539 0.386695 0.058391 0.061516
2 0.940281 0.522320 0.069750 0.031609
0 0.492609 0.393437 0.061656 0.057500
0 0.666664 0.416867 0.069172 0.058734
0 0.578250 0.411086 0.065688 0.057484
2 0.034336 0.028078 0.068672 0.040250
