1 0.500023 0.700953 0.057859 0.119719
1 0.561336 0.694547 0.068891 0.140969
0 0.825320 0.758047 0.057172 0.051719
0 0.455336 0.760852 0.063734 0.055891
0 0.386273 0.791727 0.060203 0.063391
2 0.880609 0.793414 0.056188 0.022766
0 0.575437 0.793172 0.055062 0.053406
0 0.664164 0.790320 0.062578 0.056922
0 0.315242 0.799773 0.067891 0.061172
2 0.949641 0.858695 0.073937 0.026109
2 0.038648 0.861883 0.073984 0.030422
0 0.240961 0.755352 0.059391 0.053141
2 0.112734 0.796195 0.062938 0.022266
0 0.750086 0.784062 0.066422 0.053437
