2 0.035031 0.862398 0.067437 0.027641
2 0.112539 0.796156 0.058047 0.023125
0 0.236586 0.747852 0.056297 0.050078
0 0.821500 0.756344 0.057000 0.047687
0 0.477203 0.792844 0.064719 0.060719
0 0.385336 0.796844 0.068078 0.063156
0 0.568836 0.775109 0.054828 0.059875
0 0.663836 0.797047 0.063359 0.059438
2 0.949758 0.858875 0.074297 0.026000
0 0.310852 0.782641 0.072828 0.064625
0 0.748820 0.787563 0.065422 0.054469
1 0.500430 0.701367 0.055391 0.125703
1 0.558359 0.699648 0.071406 0.135859
2 0.879898 0.791734 0.054266 0.020969
