2 0.038664 0.861906 0.073953 0.030469
0 0.673664 0.809937 0.071078 0.060281
1 0.559234 0.717008 0.068094 0.155266
2 0.882258 0.793016 0.050109 0.022469
0 0.376008 0.786883 0.064891 0.064734
2 0.112734 0.796125 0.062781 0.022438
0 0.590586 0.761344 0.064828 0.064281
1 0.482289 0.701867 0.066359 0.132453
0 0.233836 0.762297 0.057578 0.052750
2 0.949055 0.858555 0.074797 0.026422
0 0.440664 0.761406 0.056797 0.058563
0 0.750422 0.808797 0.071063 0.060281
0 0.821031 0.799078 0.061688 0.059406
0 0.306289 0.798781 0.064391 0.058437
