0 0.461352 0.785914 0.063797 0.063359
0 0.727578 0.783414 0.067156 0.059047
2 0.875617 0.792344 0.060672 0.020313
1 0.495352 0.701320 0.051953 0.113891
1 0.551625 0.695445 0.063000 0.120578
0 0.802102 0.766242 0.049891 0.041609
2 0.110930 0.796336 0.060922 0.023484
0 0.577734 0.738773 0.059219 0.061297
0 0.319414 0.783805 0.068797 0.065641
2 0.037336 0.860930 0.069078 0.028141
0 0.650391 0.778383 0.069063 0.062703
2 0.948234 0.858711 0.075469 0.026891
0 0.389437 0.789734 0.066250 0.063344
0 0.253437 0.763453 0.057500 0.057188
