0 0.240742 0.765508 0.062547 0.055266
0 0.589383 0.747258 0.063641 0.056859
2 0.880570 0.792398 0.052297 0.020828
1 0.493203 0.697969 0.066406 0.129063
0 0.665859 0.772734 0.065469 0.066094
0 0.829125 0.763109 0.061125 0.060625
2 0.112750 0.795336 0.062625 0.020891
1 0.567281 0.689906 0.063875 0.140125
0 0.746445 0.778328 0.067859 0.060625
2 0.036203 0.861164 0.069156 0.027984
0 0.390742 0.815172 0.067547 0.064844
0 0.459289 0.785641 0.062297 0.063250
0 0.319109 0.817539 0.071219 0.059922
2 0.951336 0.859250 0.072453 0.026250
