0 0.561602 0.459258 0.068141 0.054953
0 0.643734 0.475984 0.061156 0.052094
0 0.718281 0.478008 0.067156 0.059047
0 0.263117 0.488148 0.055328 0.050578
0 0.321477 0.484797 0.062047 0.055719
1 0.481422 0.412406 0.037531 0.099500
1 0.537266 0.402711 0.057969 0.130734
2 0.950664 0.538094 0.081141 0.031813
2 0.117734 0.476406 0.064438 0.022562
0 0.801187 0.461891 0.057000 0.050656
2 0.861961 0.463398 0.057359 0.021422
0 0.371000 0.467445 0.075344 0.064734
0 0.450867 0.453727 0.068891 0.050484
2 0.043633 0.554680 0.077078 0.031078
