2 0.948875 0.858383 0.075531 0.026203
2 0.879031 0.793023 0.055687 0.022859
2 0.037961 0.862250 0.072984 0.030781
2 0.112758 0.796039 0.062297 0.022609
1 0.485242 0.699484 0.064391 0.125531
1 0.554141 0.693320 0.062969 0.128203
0 0.253406 0.758875 0.058688 0.052344
0 0.814305 0.741516 0.061641 0.052781
0 0.736133 0.766852 0.069609 0.061203
0 0.317570 0.798031 0.068578 0.057094
0 0.658031 0.758836 0.067281 0.062359
0 0.382992 0.800508 0.063047 0.065391
0 0.441039 0.746453 0.054516 0.053344
0 0.574688 0.740359 0.059125 0.064781
