0 0.828086 0.754344 0.056016 0.049344
2 0.879453 0.793250 0.055125 0.022531
0 0.369805 0.787516 0.066859 0.067031
0 0.440422 0.760523 0.061313 0.059578
0 0.229609 0.769094 0.058844 0.050406
2 0.949172 0.858547 0.074875 0.026156
2 0.038391 0.861805 0.073469 0.029891
0 0.302172 0.800422 0.063688 0.058781
0 0.671703 0.786633 0.058812 0.053922
2 0.112766 0.796164 0.062313 0.022047
0 0.591703 0.752023 0.062500 0.056516
0 0.747812 0.783094 0.069375 0.059625
1 0.481352 0.719422 0.061984 0.151156
1 0.561789 0.692086 0.066422 0.127297
