0 0.317492 0.784781 0.066766 0.060125
0 0.389953 0.787992 0.067625 0.063203
0 0.801250 0.774992 0.052469 0.050984
2 0.948461 0.858656 0.075203 0.026906
0 0.718266 0.797789 0.072219 0.062453
0 0.258594 0.766883 0.059156 0.054297
1 0.554172 0.705594 0.069781 0.132437
1 0.497070 0.695844 0.048516 0.107937
0 0.639828 0.803125 0.059781 0.058125
0 0.456617 0.773914 0.065078 0.059234
2 0.037477 0.861148 0.069484 0.028484
2 0.110937 0.796281 0.060969 0.023562
0 0.569688 0.797148 0.057125 0.057328
2 0.874992 0.792242 0.060766 0.020641
