2 0.896281 0.606359 0.066313 0.026594
1 0.502531 0.501266 0.061000 0.135344
0 0.864461 0.556164 0.060047 0.055984
0 0.757188 0.582062 0.073844 0.069937
0 0.235227 0.555023 0.067016 0.068172
0 0.298641 0.560914 0.073844 0.069922
0 0.369719 0.552453 0.073844 0.069937
0 0.457703 0.528758 0.073844 0.069922
0 0.588828 0.567680 0.073844 0.069922
0 0.670891 0.586297 0.073844 0.069937
2 0.958781 0.684156 0.071094 0.031000
2 0.102656 0.615000 0.067187 0.030844
2 0.031852 0.695867 0.053203 0.029078
1 0.540219 0.548648 0.051750 0.059172
