1 0.497852 0.498758 0.038203 0.111578
2 0.895859 0.607195 0.066531 0.028391
2 0.102875 0.615117 0.067281 0.029516
2 0.958328 0.684047 0.071594 0.030063
0 0.936422 0.492977 0.068656 0.063016
0 0.669539 0.620562 0.073141 0.068031
0 0.782711 0.595617 0.076578 0.072203
0 0.225891 0.510992 0.073844 0.069922
0 0.392547 0.580367 0.073844 0.069922
1 0.564758 0.497445 0.072047 0.131141
0 0.484555 0.576016 0.076297 0.059844
0 0.308734 0.564758 0.075125 0.069891
0 0.585805 0.592898 0.072297 0.067922
2 0.031359 0.695828 0.052156 0.028781
