2 0.958750 0.684195 0.071156 0.031141
1 0.549484 0.544023 0.051656 0.071797
2 0.896414 0.606188 0.065859 0.026469
2 0.031789 0.695891 0.052922 0.029094
2 0.102688 0.614922 0.066188 0.029875
1 0.495766 0.497430 0.055906 0.134547
0 0.863773 0.559844 0.054859 0.052156
0 0.762266 0.587141 0.073844 0.069937
0 0.672586 0.587141 0.073828 0.069937
0 0.589711 0.569336 0.067141 0.064922
0 0.239422 0.554148 0.073844 0.069922
0 0.298641 0.564297 0.073844 0.069937
0 0.368016 0.550758 0.073844 0.069922
0 0.448391 0.532148 0.073844 0.069922
