2 0.894352 0.606953 0.064422 0.027625
0 0.819805 0.579508 0.065391 0.061516
1 0.543992 0.495797 0.054203 0.125969
1 0.494922 0.516922 0.054219 0.134469
2 0.102766 0.615070 0.064188 0.028453
2 0.958641 0.684086 0.070906 0.030516
0 0.737734 0.593063 0.073844 0.069937
0 0.573609 0.565141 0.073844 0.069937
0 0.305219 0.624117 0.061500 0.057734
0 0.373734 0.616727 0.069000 0.061266
0 0.654828 0.590500 0.065906 0.064062
0 0.231305 0.591031 0.055484 0.054188
0 0.460953 0.611789 0.063500 0.062953
2 0.030930 0.695547 0.050953 0.028375
