1 0.503820 0.701437 0.047641 0.125063
2 0.884328 0.792477 0.055906 0.021984
0 0.574289 0.780211 0.059891 0.052703
2 0.938445 0.862797 0.072672 0.030281
0 0.323719 0.771000 0.061250 0.055156
0 0.382992 0.763875 0.063047 0.064531
0 0.262234 0.756484 0.057187 0.052125
0 0.462797 0.746586 0.065781 0.054703
0 0.645398 0.805016 0.056297 0.051219
2 0.067391 0.827227 0.084000 0.028172
0 0.650000 0.799625 0.066687 0.059313
2 0.158273 0.770266 0.061922 0.025750
0 0.814719 0.797805 0.067156 0.059047
0 0.730969 0.807945 0.067156 0.059047
