2 0.940469 0.598055 0.071813 0.033859
2 0.052687 0.585648 0.060594 0.033078
2 0.885875 0.513312 0.060812 0.030375
2 0.115180 0.501789 0.066391 0.027797
1 0.475906 0.390641 0.042875 0.184969
0 0.748430 0.456422 0.061578 0.063156
0 0.654563 0.451461 0.070875 0.067609
0 0.311445 0.512781 0.059453 0.059313
0 0.549031 0.484727 0.060062 0.065703
0 0.244148 0.499906 0.048609 0.052937
0 0.379570 0.509883 0.056953 0.062266
0 0.438383 0.471008 0.054266 0.057328
0 0.842227 0.452844 0.061641 0.059750
1 0.546242 0.388594 0.087516 0.160625
