0 0.290602 0.557523 0.069641 0.063172
0 0.745586 0.578453 0.081328 0.072781
2 0.894820 0.606031 0.067391 0.028437
0 0.852109 0.555742 0.055719 0.054734
2 0.034891 0.696234 0.069781 0.030187
2 0.102609 0.614898 0.066531 0.030172
0 0.224602 0.546133 0.067953 0.062266
2 0.958297 0.684133 0.071844 0.031016
0 0.579977 0.551641 0.066297 0.069844
0 0.431875 0.521133 0.066250 0.063203
0 0.654844 0.572313 0.072187 0.067438
1 0.535555 0.538516 0.057641 0.072656
1 0.498328 0.481398 0.074469 0.149672
0 0.359977 0.555445 0.069641 0.069016
