2 0.898523 0.606289 0.063109 0.024672
2 0.958602 0.684070 0.071422 0.030609
2 0.102734 0.615383 0.066438 0.029828
0 0.886227 0.553898 0.058547 0.060297
2 0.031156 0.695844 0.051844 0.028844
0 0.589672 0.542305 0.073844 0.069922
0 0.775797 0.574445 0.073844 0.069922
0 0.687812 0.558375 0.073844 0.069937
1 0.565172 0.470383 0.079656 0.122641
1 0.477961 0.474648 0.059359 0.132734
0 0.452625 0.533836 0.073844 0.069922
0 0.373094 0.561758 0.073844 0.069922
0 0.313875 0.569367 0.073844 0.069922
0 0.259734 0.570219 0.073844 0.069937
