0 0.625203 0.512687 0.073844 0.069937
1 0.577805 0.379055 0.098141 0.088734
1 0.490258 0.420437 0.077078 0.110875
2 0.102641 0.615109 0.066594 0.029000
2 0.958406 0.684094 0.071156 0.030563
2 0.031242 0.695781 0.052016 0.028531
0 0.698813 0.571063 0.073844 0.069937
0 0.759734 0.598984 0.073844 0.069937
0 0.830797 0.589680 0.073844 0.069922
0 0.446703 0.512687 0.073844 0.069937
0 0.376484 0.556680 0.073844 0.069922
0 0.313031 0.565141 0.073844 0.069937
0 0.258875 0.564297 0.073844 0.069937
2 0.895453 0.607391 0.064938 0.028688
