0 0.295266 0.560070 0.073844 0.069922
0 0.577828 0.566836 0.073844 0.069922
0 0.679359 0.571914 0.073844 0.069922
0 0.362938 0.563445 0.073844 0.069922
0 0.872602 0.544734 0.057391 0.062750
2 0.895758 0.606797 0.066266 0.026938
0 0.446836 0.553391 0.058359 0.053563
1 0.491930 0.488180 0.055109 0.131047
1 0.553273 0.499602 0.049078 0.125141
2 0.958953 0.684180 0.070875 0.030891
2 0.102555 0.614727 0.066266 0.029766
0 0.767422 0.562641 0.073781 0.066937
0 0.220164 0.547539 0.050766 0.052641
2 0.031234 0.695758 0.051875 0.028891
