0 0.453086 0.570867 0.066078 0.057016
1 0.547789 0.494953 0.055047 0.124281
1 0.489023 0.482680 0.055859 0.140359
2 0.896125 0.606539 0.068406 0.027547
2 0.031898 0.695805 0.053328 0.028953
0 0.909641 0.531984 0.066938 0.066781
2 0.102477 0.614773 0.067016 0.030359
0 0.777359 0.561305 0.071781 0.066172
2 0.959508 0.684227 0.069797 0.030891
0 0.218508 0.545039 0.051516 0.052266
0 0.291094 0.563695 0.075313 0.065266
0 0.678930 0.577914 0.068234 0.062016
0 0.364641 0.563445 0.073844 0.069922
0 0.577828 0.571063 0.073844 0.069937
