1 0.491133 0.477180 0.051641 0.129359
0 0.292602 0.519727 0.077297 0.065703
0 0.631125 0.478852 0.073844 0.069922
0 0.458875 0.490984 0.071188 0.061031
0 0.753422 0.464102 0.080813 0.081703
0 0.908422 0.537359 0.067281 0.074000
0 0.375617 0.502164 0.085203 0.077547
2 0.030969 0.695547 0.051188 0.028062
0 0.226875 0.538555 0.056312 0.056141
2 0.896828 0.606414 0.066750 0.026484
2 0.102242 0.615344 0.064109 0.029000
2 0.959555 0.683930 0.070203 0.030797
0 0.833703 0.493633 0.078156 0.073172
1 0.570641 0.478883 0.070281 0.129328
