0 0.358719 0.565992 0.073844 0.069922
0 0.292719 0.578680 0.073844 0.069922
1 0.487273 0.438250 0.086422 0.104000
0 0.426570 0.537984 0.072922 0.062594
0 0.612320 0.559875 0.069266 0.060781
2 0.031367 0.695922 0.052203 0.028969
2 0.894469 0.607914 0.068375 0.031203
2 0.102508 0.615219 0.066797 0.029188
0 0.837984 0.582055 0.066219 0.063172
0 0.759734 0.597289 0.073844 0.069922
1 0.570656 0.410773 0.094000 0.103109
0 0.234344 0.570242 0.063688 0.061422
0 0.681891 0.596445 0.073844 0.069922
2 0.958195 0.684227 0.071797 0.030797
