0 0.361250 0.560914 0.073844 0.069922
2 0.031578 0.695812 0.052562 0.028937
2 0.896672 0.606180 0.064688 0.026766
0 0.859945 0.565133 0.060516 0.058266
0 0.432914 0.542945 0.069297 0.060797
0 0.661406 0.590859 0.076219 0.070000
0 0.750164 0.590195 0.076359 0.069109
1 0.494914 0.478445 0.066078 0.152203
2 0.102750 0.614906 0.066187 0.030000
0 0.291875 0.563445 0.073844 0.069922
0 0.226273 0.556242 0.066297 0.064047
0 0.584594 0.571063 0.073844 0.069937
1 0.551578 0.510563 0.052469 0.145500
2 0.958508 0.684133 0.071859 0.030984
