1 0.561312 0.496164 0.073625 0.111703
1 0.493258 0.486461 0.044016 0.114172
0 0.237734 0.557523 0.073844 0.069922
0 0.310484 0.574445 0.073844 0.069922
0 0.379016 0.576141 0.073844 0.069937
2 0.958820 0.683977 0.071141 0.030891
2 0.896141 0.606586 0.067469 0.027141
2 0.103000 0.615250 0.067250 0.030031
2 0.030852 0.695727 0.051016 0.028578
0 0.591008 0.559742 0.068547 0.075672
0 0.672250 0.616266 0.076156 0.072406
0 0.918422 0.519328 0.069062 0.070594
0 0.777375 0.601031 0.077313 0.073031
0 0.472820 0.518719 0.087547 0.070375
