2 0.959094 0.683992 0.070344 0.030422
2 0.102711 0.615359 0.066391 0.029500
0 0.210656 0.489852 0.073844 0.069922
0 0.892000 0.476766 0.071875 0.066437
2 0.895211 0.606727 0.065422 0.028203
2 0.031430 0.695703 0.052422 0.028562
0 0.777594 0.573406 0.075812 0.067625
0 0.377250 0.561680 0.076469 0.064016
0 0.452930 0.577609 0.069391 0.058188
0 0.590211 0.601250 0.061953 0.055250
0 0.669023 0.604305 0.067516 0.062953
1 0.565547 0.508016 0.056719 0.123531
1 0.487281 0.498273 0.045812 0.127797
0 0.303719 0.543992 0.073844 0.069922
