0 0.451953 0.604492 0.063687 0.058609
1 0.485617 0.522000 0.060984 0.153094
1 0.548672 0.521109 0.043281 0.124406
0 0.733938 0.624828 0.068219 0.059156
0 0.647531 0.622664 0.073906 0.063391
2 0.034297 0.696797 0.063313 0.030594
0 0.557984 0.597492 0.070375 0.063922
0 0.377773 0.621469 0.076109 0.067406
2 0.895695 0.606805 0.064422 0.027641
2 0.958547 0.683945 0.071469 0.030828
0 0.300945 0.623477 0.069609 0.064391
2 0.101922 0.615578 0.064187 0.028312
0 0.230516 0.601195 0.058188 0.058516
0 0.830570 0.605000 0.059078 0.053906
