1 0.512375 0.520617 0.057562 0.150609
2 0.959031 0.684117 0.070406 0.030859
2 0.102227 0.615320 0.064203 0.028359
0 0.344789 0.612508 0.073828 0.061516
0 0.278930 0.584555 0.063859 0.055078
0 0.594445 0.605766 0.062641 0.056062
2 0.034633 0.696813 0.063984 0.030500
2 0.894117 0.606602 0.068391 0.028016
0 0.485695 0.604531 0.067266 0.058844
0 0.411539 0.617008 0.069016 0.063859
0 0.676258 0.615172 0.078703 0.064125
0 0.818109 0.588836 0.073844 0.069922
0 0.759734 0.609133 0.073844 0.069922
1 0.576109 0.511852 0.052469 0.153078
