0 0.680016 0.619609 0.076531 0.071406
0 0.217281 0.529414 0.053750 0.053547
0 0.939328 0.488172 0.068281 0.067563
1 0.567711 0.500820 0.074578 0.129453
2 0.896437 0.607000 0.067656 0.027344
2 0.031109 0.695805 0.051594 0.028641
0 0.589094 0.596734 0.065000 0.060344
0 0.380469 0.591383 0.076906 0.070797
1 0.486695 0.490992 0.062703 0.142641
2 0.958187 0.684031 0.071969 0.030531
0 0.301016 0.586867 0.069875 0.066016
0 0.459570 0.552094 0.073703 0.062750
2 0.102852 0.615187 0.066078 0.029406
0 0.791609 0.595164 0.074219 0.069609
