0 0.754195 0.600688 0.067859 0.064813
2 0.958156 0.684289 0.072094 0.031109
2 0.102375 0.615305 0.067562 0.029672
2 0.893977 0.608766 0.072141 0.033906
2 0.034328 0.696305 0.068656 0.030297
0 0.606180 0.565438 0.066453 0.065156
0 0.022617 0.638352 0.045234 0.051578
1 0.568516 0.453891 0.082969 0.118406
1 0.485164 0.445445 0.090641 0.118391
0 0.834164 0.575281 0.061984 0.061500
0 0.673430 0.594320 0.068766 0.067391
0 0.245352 0.573164 0.065391 0.057266
0 0.304563 0.581219 0.073844 0.069937
0 0.367172 0.566836 0.073844 0.069922
0 0.432336 0.540609 0.068734 0.066531
