0 0.330164 0.622422 0.072422 0.065094
1 0.501398 0.525398 0.050078 0.142953
0 0.573883 0.602227 0.061234 0.055203
0 0.471273 0.607758 0.062609 0.061391
0 0.808109 0.598781 0.057594 0.053750
0 0.402828 0.621289 0.074219 0.063516
0 0.657719 0.615703 0.074281 0.063938
2 0.034148 0.696820 0.063172 0.030578
2 0.894828 0.606953 0.065937 0.028062
2 0.102500 0.615383 0.063344 0.028766
0 0.256234 0.604898 0.065156 0.056828
2 0.958930 0.684109 0.070484 0.030844
0 0.742812 0.611672 0.073844 0.069938
1 0.560031 0.519477 0.044000 0.136141
