0 0.753812 0.577836 0.073844 0.069922
2 0.958633 0.684094 0.071328 0.030875
2 0.102961 0.615055 0.066547 0.030328
0 0.857453 0.550617 0.054969 0.058703
2 0.031742 0.695789 0.052922 0.028922
2 0.895375 0.606281 0.067812 0.027219
1 0.494102 0.486906 0.066016 0.148813
1 0.541844 0.539742 0.060062 0.068547
0 0.236891 0.549914 0.073844 0.069922
0 0.304563 0.555836 0.073844 0.069922
0 0.369719 0.547375 0.073844 0.069937
0 0.449234 0.523687 0.073844 0.069938
0 0.580375 0.557523 0.073844 0.069922
0 0.661594 0.576141 0.073844 0.069937
