0 0.855328 0.574445 0.073844 0.069922
0 0.780031 0.599828 0.073844 0.069937
2 0.897609 0.607828 0.065719 0.030125
2 0.031078 0.695789 0.051406 0.028672
0 0.698008 0.592922 0.069641 0.071031
0 0.249578 0.568523 0.073844 0.069922
2 0.103148 0.615086 0.066797 0.029828
0 0.594156 0.560859 0.061344 0.067156
1 0.563008 0.491086 0.070234 0.121859
1 0.486461 0.478406 0.057609 0.133688
0 0.461344 0.541359 0.081125 0.068656
2 0.958539 0.684086 0.071547 0.030859
0 0.317258 0.576141 0.073828 0.069937
0 0.379859 0.570219 0.073844 0.069937
