2 0.958828 0.684102 0.070500 0.030641
2 0.031406 0.695586 0.052094 0.028203
2 0.896836 0.606250 0.064547 0.026313
0 0.411523 0.557055 0.069953 0.062234
0 0.707703 0.588070 0.065469 0.065109
1 0.574477 0.493203 0.061047 0.134531
1 0.497477 0.483086 0.064328 0.136172
0 0.881570 0.559242 0.063734 0.059734
0 0.785953 0.583758 0.073844 0.069922
0 0.632828 0.554992 0.073844 0.069922
0 0.203016 0.556234 0.056969 0.055594
0 0.262266 0.576984 0.073844 0.069937
0 0.327406 0.576984 0.073844 0.069937
2 0.102570 0.614984 0.063172 0.027094
