1 0.492359 0.484336 0.064406 0.133672
2 0.102164 0.614969 0.062797 0.027438
0 0.335031 0.576141 0.073844 0.069937
0 0.270734 0.573602 0.073844 0.069922
0 0.208141 0.560508 0.065344 0.062266
2 0.958992 0.684063 0.070297 0.030469
0 0.703047 0.588836 0.073844 0.069922
0 0.879898 0.562609 0.062078 0.061469
0 0.783422 0.582062 0.073844 0.069937
2 0.031258 0.695562 0.051766 0.028188
2 0.897008 0.606070 0.063734 0.026641
0 0.623281 0.565102 0.058594 0.056578
0 0.418500 0.557906 0.069500 0.061813
1 0.574023 0.494898 0.063516 0.137922
