0 0.747031 0.600680 0.073844 0.069922
0 0.667102 0.602383 0.075328 0.065922
0 0.577031 0.598984 0.064250 0.057187
2 0.031117 0.695469 0.051422 0.028188
2 0.894453 0.606742 0.066437 0.028234
2 0.102508 0.615133 0.064891 0.028766
2 0.958383 0.684211 0.072047 0.030828
1 0.489852 0.511000 0.060984 0.153094
1 0.547352 0.512273 0.060922 0.133609
0 0.452625 0.565992 0.073844 0.069922
0 0.367172 0.592211 0.073844 0.069922
0 0.307109 0.598141 0.073844 0.069937
0 0.256805 0.605297 0.069547 0.055594
0 0.824062 0.586742 0.065469 0.062266
