0 0.289938 0.608906 0.071312 0.072312
0 0.811328 0.610828 0.073844 0.069937
0 0.735187 0.628594 0.073844 0.069937
0 0.579531 0.565992 0.073844 0.069922
1 0.546086 0.516078 0.055016 0.132781
1 0.489852 0.524531 0.060984 0.153094
2 0.958398 0.684148 0.071672 0.030922
0 0.210859 0.595945 0.059125 0.060797
2 0.102344 0.615563 0.064469 0.028062
2 0.894187 0.607039 0.066875 0.028484
2 0.030805 0.695375 0.050516 0.027844
0 0.455422 0.617055 0.073781 0.069172
0 0.359250 0.621031 0.073812 0.064781
0 0.656695 0.618062 0.079172 0.073062
0 0.020758 0.642430 0.041516 0.052891
