0 0.895305 0.576078 0.056578 0.075750
2 0.030961 0.695594 0.051047 0.028156
0 0.292375 0.554508 0.078594 0.073859
1 0.569828 0.484742 0.070344 0.137922
0 0.458633 0.525867 0.083078 0.073484
2 0.102305 0.616687 0.064078 0.027656
0 0.370297 0.545719 0.079875 0.070531
2 0.958836 0.684039 0.070453 0.030703
0 0.695773 0.555172 0.076547 0.073938
2 0.898719 0.606070 0.062875 0.026078
0 0.615906 0.533836 0.073844 0.069922
1 0.486000 0.478023 0.055125 0.131047
0 0.226977 0.556719 0.056484 0.056875
0 0.796680 0.566453 0.069984 0.069656
0 0.890891 0.568789 0.052719 0.060891
