2 0.102484 0.615406 0.065281 0.029031
0 0.461977 0.514445 0.069359 0.060766
2 0.031039 0.695711 0.051453 0.028516
2 0.958164 0.683867 0.073047 0.029766
0 0.374867 0.483266 0.087359 0.080344
0 0.633258 0.461352 0.078734 0.074516
0 0.226656 0.514273 0.069031 0.068578
0 0.918320 0.533703 0.057141 0.063031
2 0.896266 0.606070 0.066594 0.026422
0 0.292289 0.494258 0.083234 0.072484
1 0.573180 0.483055 0.065203 0.122672
0 0.460234 0.481383 0.073844 0.069922
0 0.768188 0.442469 0.073844 0.069937
0 0.837094 0.455602 0.067031 0.057609
1 0.494094 0.466617 0.057562 0.125109
