0 0.452328 0.548766 0.075250 0.063250
0 0.353883 0.588133 0.077641 0.068641
0 0.020445 0.642289 0.040891 0.054266
0 0.675016 0.618727 0.077469 0.074891
2 0.030727 0.695719 0.050266 0.028125
2 0.102602 0.616187 0.061984 0.027250
0 0.864422 0.609453 0.057688 0.062875
2 0.958945 0.684094 0.070234 0.030750
0 0.217500 0.607133 0.056094 0.058328
0 0.561766 0.596445 0.073844 0.069922
1 0.552000 0.519008 0.060062 0.137078
1 0.493250 0.518578 0.055875 0.148094
0 0.760578 0.620594 0.070719 0.064969
2 0.907266 0.605750 0.043156 0.026187
0 0.283047 0.595078 0.075594 0.071188
