0 0.797242 0.541727 0.076734 0.069203
2 0.030883 0.695625 0.051016 0.028250
0 0.706641 0.523281 0.077969 0.071437
0 0.602375 0.501695 0.073844 0.069922
1 0.483922 0.475859 0.052531 0.140469
1 0.557500 0.482203 0.060937 0.132844
2 0.897008 0.606539 0.065578 0.025984
0 0.458406 0.516570 0.091750 0.075609
0 0.228516 0.553578 0.061781 0.056937
0 0.288359 0.544547 0.079875 0.070063
0 0.369477 0.535195 0.083453 0.073453
2 0.958680 0.684016 0.071266 0.030719
2 0.102313 0.615328 0.065500 0.029687
0 0.893320 0.553500 0.054422 0.058750
