0 0.736031 0.626055 0.073844 0.069922
0 0.582563 0.579211 0.070625 0.063672
0 0.217945 0.577023 0.059234 0.056328
2 0.894344 0.606727 0.066812 0.028266
0 0.291406 0.588883 0.073375 0.064703
0 0.449547 0.588883 0.062531 0.058578
0 0.361344 0.598047 0.076469 0.063438
0 0.657586 0.621305 0.075734 0.069922
2 0.030609 0.695383 0.050312 0.027953
2 0.958266 0.684203 0.072281 0.030844
2 0.102758 0.615367 0.064672 0.028703
0 0.813031 0.610828 0.073844 0.069937
0 0.020859 0.642125 0.041719 0.053250
1 0.489852 0.517766 0.060984 0.153094
1 0.550797 0.526664 0.050906 0.142078
