0 0.274953 0.571063 0.073844 0.069937
0 0.316406 0.564297 0.073844 0.069937
0 0.381562 0.557523 0.073844 0.069922
0 0.598141 0.537227 0.073844 0.069922
0 0.458000 0.510367 0.098563 0.077484
2 0.896312 0.606672 0.066906 0.028250
2 0.031227 0.695812 0.051703 0.028781
2 0.102438 0.615039 0.066812 0.030141
2 0.958875 0.684078 0.070813 0.030875
0 0.857867 0.565141 0.073828 0.069937
0 0.770734 0.587984 0.073844 0.069937
0 0.691203 0.584602 0.073844 0.069922
1 0.486469 0.467000 0.054188 0.136187
1 0.564328 0.493664 0.061031 0.116703
