0 0.782578 0.580367 0.073844 0.069922
1 0.490281 0.478016 0.061813 0.142906
1 0.568969 0.481844 0.068625 0.135250
0 0.211906 0.561352 0.062875 0.055516
2 0.959023 0.684109 0.070172 0.030500
2 0.102391 0.614992 0.064562 0.028328
2 0.031617 0.695664 0.052609 0.028516
0 0.419945 0.561086 0.068484 0.062109
2 0.896773 0.605992 0.064172 0.025828
0 0.620914 0.565141 0.054266 0.051281
0 0.337562 0.572758 0.073844 0.069922
0 0.273266 0.571914 0.073844 0.069922
0 0.700500 0.584602 0.073844 0.069922
0 0.879461 0.557914 0.067953 0.062391
