0 0.820945 0.536867 0.078609 0.073328
0 0.897211 0.562172 0.057172 0.068312
2 0.102742 0.615328 0.064922 0.028969
1 0.489828 0.485164 0.047469 0.130328
1 0.561367 0.487695 0.066953 0.135391
0 0.606594 0.501695 0.073844 0.069922
2 0.959000 0.683938 0.070437 0.030500
0 0.372437 0.536305 0.083344 0.079391
0 0.293094 0.553984 0.076812 0.069719
2 0.896648 0.607008 0.062922 0.026672
0 0.228609 0.562148 0.061000 0.062609
0 0.460883 0.515422 0.094484 0.076500
0 0.720383 0.509742 0.084922 0.069922
2 0.030867 0.695602 0.050984 0.028172
