0 0.494047 0.580352 0.061594 0.061953
0 0.339687 0.592211 0.070938 0.061922
2 0.958461 0.683797 0.071234 0.030187
2 0.102289 0.614969 0.063078 0.027375
0 0.670883 0.597289 0.075203 0.065297
1 0.582484 0.491953 0.057531 0.148906
1 0.530031 0.518188 0.060062 0.142969
0 0.759695 0.598984 0.073422 0.065281
0 0.275180 0.585031 0.059172 0.055406
0 0.855414 0.586562 0.062953 0.054844
0 0.406422 0.590695 0.080250 0.065297
2 0.899148 0.605789 0.061078 0.026234
2 0.030531 0.695445 0.050313 0.028109
0 0.581578 0.560258 0.056594 0.065359
