2 0.895266 0.607680 0.066375 0.029578
2 0.958227 0.684180 0.071578 0.030672
2 0.102758 0.615242 0.067516 0.029297
2 0.031648 0.695930 0.052828 0.028922
0 0.615086 0.531188 0.065703 0.063313
0 0.690359 0.577836 0.073844 0.069922
0 0.759734 0.594758 0.073844 0.069922
0 0.839250 0.583758 0.073844 0.069922
0 0.444156 0.519461 0.073844 0.069922
0 0.372250 0.554148 0.073844 0.069922
0 0.307953 0.565992 0.073844 0.069922
0 0.248711 0.563422 0.067109 0.061531
1 0.577859 0.378570 0.103344 0.093078
1 0.489852 0.423859 0.081266 0.107406
