0 0.454117 0.511414 0.084391 0.064734
2 0.958883 0.684008 0.071359 0.030047
2 0.102641 0.615320 0.067063 0.029672
0 0.837242 0.475961 0.071547 0.064484
0 0.917805 0.536531 0.065328 0.067281
2 0.031305 0.695812 0.051859 0.028688
0 0.759055 0.468180 0.080453 0.073859
0 0.371383 0.509852 0.085359 0.071422
0 0.240797 0.518047 0.066813 0.056562
2 0.896750 0.606414 0.064813 0.026453
0 0.299016 0.515203 0.081094 0.061906
0 0.636203 0.481383 0.073844 0.069922
1 0.580797 0.479266 0.070281 0.131969
1 0.487695 0.465766 0.058516 0.123406
