2 0.958242 0.684227 0.071703 0.030922
2 0.894703 0.608219 0.068750 0.031438
2 0.031234 0.695836 0.051844 0.028672
0 0.614406 0.570930 0.068563 0.061516
0 0.358719 0.572758 0.073844 0.069922
0 0.433156 0.546531 0.073844 0.069938
1 0.486055 0.443711 0.082109 0.104922
0 0.836281 0.582086 0.064531 0.061422
0 0.760578 0.603211 0.073844 0.069922
0 0.681891 0.598984 0.073844 0.069937
1 0.571086 0.427656 0.084703 0.106563
0 0.296953 0.581219 0.073844 0.069937
0 0.230156 0.569398 0.065312 0.059734
2 0.102477 0.615359 0.065828 0.028750
