0 0.886539 0.557023 0.050641 0.057953
0 0.789562 0.550234 0.079438 0.063656
0 0.367398 0.544820 0.082047 0.076859
2 0.030953 0.695828 0.051312 0.028781
2 0.102516 0.615336 0.066438 0.030078
2 0.958672 0.683906 0.071156 0.030281
0 0.457703 0.521992 0.073844 0.069922
0 0.597297 0.527070 0.073844 0.069922
2 0.898789 0.606336 0.065484 0.025891
0 0.293383 0.555289 0.078422 0.071453
0 0.692570 0.544187 0.076203 0.066438
0 0.228875 0.555055 0.059625 0.054266
1 0.486500 0.478016 0.047375 0.134469
1 0.556656 0.487352 0.062625 0.125953
