0 0.213516 0.542555 0.052938 0.053766
0 0.287305 0.564977 0.073922 0.067359
0 0.678891 0.578930 0.067844 0.065328
2 0.102289 0.616141 0.065422 0.028125
2 0.959031 0.683961 0.070562 0.029984
0 0.780312 0.559859 0.074719 0.064625
2 0.896437 0.607555 0.067938 0.029047
0 0.920117 0.528375 0.062609 0.069906
0 0.455328 0.578305 0.073094 0.060047
2 0.031398 0.695734 0.052203 0.028719
0 0.361250 0.568523 0.073844 0.069922
0 0.572219 0.580992 0.060000 0.055422
1 0.487711 0.482234 0.055109 0.134469
1 0.541891 0.494883 0.053406 0.121016
