0 0.894992 0.561023 0.057234 0.062672
0 0.723898 0.512734 0.083297 0.075219
0 0.808609 0.536398 0.077875 0.068016
2 0.030773 0.695617 0.050703 0.028234
0 0.226359 0.557742 0.060906 0.061391
2 0.896953 0.606547 0.064656 0.026625
0 0.286297 0.546297 0.080563 0.068656
2 0.102508 0.615320 0.064453 0.028891
0 0.368250 0.536422 0.081750 0.074938
2 0.958727 0.684008 0.071016 0.030703
0 0.614742 0.504969 0.077391 0.072125
0 0.458258 0.513328 0.078172 0.076531
1 0.486469 0.480969 0.054188 0.131937
1 0.563023 0.481805 0.065203 0.137047
