1 0.485219 0.418367 0.077000 0.113297
0 0.379016 0.558375 0.073844 0.069937
0 0.438234 0.495766 0.073844 0.069937
1 0.572766 0.392977 0.098219 0.094703
0 0.317258 0.573602 0.073828 0.069922
0 0.269031 0.570219 0.073844 0.069937
0 0.641281 0.505070 0.073844 0.069922
0 0.716578 0.566836 0.073844 0.069922
0 0.764797 0.604055 0.073844 0.069922
0 0.837562 0.594758 0.073844 0.069922
2 0.958305 0.684133 0.071797 0.030672
2 0.895234 0.607070 0.064938 0.028234
2 0.102898 0.615117 0.066828 0.029297
2 0.031328 0.695781 0.052125 0.028562
