2 0.958836 0.684117 0.070922 0.030734
1 0.499594 0.461070 0.068562 0.136203
0 0.382406 0.569367 0.073844 0.069922
0 0.654828 0.587141 0.073844 0.069937
0 0.752953 0.588836 0.073844 0.069922
1 0.559187 0.486492 0.045688 0.156422
0 0.579172 0.567406 0.068031 0.065375
2 0.895906 0.606328 0.064625 0.026812
2 0.031305 0.695727 0.051891 0.028734
2 0.102891 0.615031 0.065281 0.029625
0 0.313031 0.568523 0.073844 0.069922
0 0.238992 0.559211 0.064547 0.058109
0 0.465703 0.554750 0.073687 0.060813
0 0.856281 0.562180 0.051969 0.051391
