0 0.919336 0.535992 0.054047 0.059641
0 0.833039 0.461719 0.063922 0.058812
2 0.102578 0.615406 0.064594 0.028469
0 0.221383 0.512828 0.066734 0.065750
0 0.761422 0.432320 0.073844 0.069922
0 0.290008 0.493313 0.081453 0.072688
2 0.896609 0.606211 0.065219 0.025922
1 0.570203 0.478414 0.067719 0.130266
1 0.491555 0.472937 0.052484 0.124313
0 0.635359 0.446695 0.073844 0.069922
0 0.461234 0.481297 0.079187 0.069875
0 0.374891 0.480312 0.086125 0.077188
2 0.959508 0.683875 0.070172 0.029438
2 0.030906 0.695688 0.051156 0.028406
