0 0.596438 0.563445 0.073844 0.069922
2 0.102633 0.615141 0.067797 0.030063
2 0.958133 0.684180 0.072047 0.030953
0 0.828641 0.571930 0.066156 0.064797
0 0.750422 0.594758 0.073844 0.069922
2 0.894008 0.607797 0.069141 0.030594
0 0.439078 0.542305 0.073844 0.069922
0 0.667516 0.594758 0.073844 0.069922
0 0.362938 0.567680 0.073844 0.069922
0 0.302031 0.577836 0.073844 0.069922
0 0.236852 0.571102 0.067141 0.059703
1 0.470375 0.448414 0.079563 0.141297
1 0.569367 0.467867 0.072828 0.142922
2 0.034570 0.696313 0.069141 0.030187
