0 0.684477 0.594633 0.069547 0.064516
1 0.563859 0.492805 0.060094 0.138734
0 0.604063 0.564297 0.073844 0.069937
0 0.298641 0.563445 0.073844 0.069922
0 0.251266 0.557523 0.073844 0.069922
1 0.485211 0.479508 0.068422 0.139422
0 0.452344 0.542195 0.064062 0.058203
0 0.891281 0.547641 0.056813 0.063844
0 0.787047 0.577609 0.072250 0.063375
2 0.898805 0.606078 0.062953 0.023937
2 0.031148 0.695922 0.051922 0.029000
0 0.365578 0.553883 0.079188 0.072266
2 0.102469 0.616711 0.064938 0.028578
2 0.958906 0.684094 0.070500 0.030563
