0 0.382406 0.577836 0.073844 0.069922
0 0.592359 0.558023 0.061031 0.063672
2 0.958625 0.683953 0.071312 0.030750
2 0.102578 0.615281 0.066250 0.029437
1 0.489414 0.477172 0.055078 0.120906
1 0.560898 0.495789 0.066016 0.109078
0 0.236797 0.564969 0.060781 0.052719
2 0.901945 0.606641 0.058547 0.027406
2 0.030812 0.695742 0.050781 0.028516
0 0.694266 0.597133 0.075875 0.073484
0 0.873938 0.562602 0.073844 0.069922
0 0.774109 0.604906 0.073844 0.069937
0 0.312188 0.581219 0.073844 0.069937
0 0.461492 0.536414 0.083703 0.070141
