1 0.516914 0.524531 0.060984 0.153094
0 0.765656 0.607445 0.073844 0.069922
0 0.839250 0.582062 0.073844 0.069937
2 0.895477 0.606125 0.066453 0.028031
0 0.597297 0.598984 0.073844 0.069937
1 0.577836 0.511000 0.060984 0.153094
0 0.328664 0.613250 0.071516 0.064938
2 0.034523 0.696805 0.063516 0.030484
0 0.683836 0.615320 0.077984 0.063391
0 0.483133 0.609141 0.069391 0.062812
2 0.102398 0.615328 0.064016 0.028406
0 0.396102 0.615367 0.072547 0.068891
2 0.959086 0.684133 0.070453 0.031141
0 0.266461 0.588281 0.062766 0.057625
