2 0.102563 0.615703 0.062656 0.028000
0 0.377781 0.633875 0.076031 0.072281
2 0.958805 0.684195 0.070734 0.031172
0 0.551367 0.549680 0.069859 0.075047
0 0.299578 0.632539 0.076719 0.073234
2 0.907867 0.605813 0.042109 0.025469
0 0.693859 0.546523 0.078281 0.071578
0 0.224469 0.617328 0.058281 0.056875
0 0.463633 0.609203 0.072266 0.068438
0 0.776047 0.561133 0.080719 0.073141
1 0.491539 0.525375 0.060984 0.153094
0 0.020945 0.641859 0.041891 0.052469
2 0.030672 0.695383 0.050250 0.027828
0 0.871836 0.591766 0.050359 0.054125
