0 0.923438 0.514961 0.065969 0.065859
0 0.778180 0.604086 0.072141 0.070422
0 0.376484 0.584602 0.073844 0.069922
0 0.461008 0.510109 0.101422 0.077656
0 0.305414 0.585445 0.073828 0.069922
1 0.495352 0.495352 0.043203 0.111641
1 0.561758 0.499570 0.067734 0.111641
0 0.226836 0.562937 0.059234 0.055281
2 0.958484 0.684094 0.072156 0.030656
2 0.031242 0.695922 0.051984 0.029063
0 0.672406 0.614500 0.078500 0.072688
0 0.588273 0.573781 0.059547 0.064437
2 0.102977 0.615211 0.067484 0.030453
2 0.895789 0.606578 0.067266 0.027500
