0 0.463539 0.614797 0.073328 0.068469
2 0.905648 0.605508 0.044891 0.025734
0 0.287352 0.607781 0.075984 0.070844
1 0.490727 0.518211 0.055828 0.142047
0 0.566828 0.573602 0.073844 0.069922
0 0.695445 0.534914 0.080016 0.078109
2 0.034344 0.696789 0.062531 0.030516
0 0.223992 0.604078 0.056672 0.056187
0 0.877617 0.588680 0.073734 0.057578
0 0.868922 0.585758 0.052000 0.055266
2 0.102109 0.615469 0.063375 0.027813
0 0.366336 0.608031 0.077078 0.068906
2 0.958969 0.683898 0.070625 0.030516
0 0.776055 0.553063 0.080234 0.069000
