0 0.681844 0.574805 0.069469 0.068922
0 0.629727 0.523813 0.060109 0.043844
2 0.102633 0.614828 0.065797 0.029281
2 0.959070 0.684031 0.070984 0.030125
0 0.779328 0.565180 0.075156 0.064234
0 0.919773 0.529062 0.061484 0.068438
1 0.489836 0.483961 0.055922 0.139484
1 0.546133 0.492828 0.056797 0.131906
2 0.031187 0.695734 0.051781 0.028688
2 0.895695 0.607219 0.067266 0.029031
0 0.450266 0.559594 0.071469 0.063187
0 0.571906 0.573602 0.073844 0.069922
0 0.292719 0.569367 0.073844 0.069922
0 0.361250 0.566836 0.073844 0.069922
0 0.221273 0.557367 0.054297 0.055016
