0 0.021102 0.641773 0.042203 0.054797
0 0.553297 0.522844 0.073844 0.069937
0 0.459063 0.574242 0.068187 0.061672
0 0.285047 0.575070 0.075375 0.071109
2 0.906703 0.606039 0.044125 0.025766
0 0.759922 0.637914 0.077094 0.071297
2 0.958516 0.684164 0.071437 0.030953
2 0.102219 0.615914 0.063781 0.028203
0 0.212859 0.571883 0.058062 0.058078
2 0.030648 0.695523 0.050172 0.027859
1 0.488148 0.507609 0.060984 0.153094
0 0.863273 0.616109 0.057578 0.064500
2 0.033680 0.696195 0.067359 0.029609
0 0.657531 0.630680 0.078094 0.078234
0 0.359766 0.585500 0.080250 0.075031
