0 0.456000 0.545680 0.073844 0.069922
0 0.296109 0.566836 0.073844 0.069922
0 0.229719 0.552438 0.067875 0.064875
1 0.494922 0.476312 0.060969 0.153094
1 0.557539 0.498289 0.050859 0.161578
2 0.958898 0.684148 0.071047 0.030734
2 0.102922 0.614922 0.067125 0.030844
0 0.859344 0.561492 0.053625 0.055766
2 0.896164 0.606219 0.064016 0.026406
2 0.031523 0.695828 0.052484 0.029031
0 0.574023 0.568086 0.075141 0.067297
0 0.751477 0.588680 0.074359 0.068953
0 0.659047 0.590523 0.073844 0.069922
0 0.366328 0.563445 0.073844 0.069922
