0 0.249203 0.597938 0.057125 0.057844
0 0.775797 0.610828 0.073844 0.069937
0 0.598141 0.598984 0.073844 0.069937
1 0.575297 0.505062 0.060969 0.154812
1 0.517305 0.523273 0.068672 0.155609
0 0.479758 0.608016 0.065078 0.061437
0 0.383508 0.614680 0.075297 0.074109
2 0.102695 0.615641 0.064359 0.028094
2 0.903281 0.605969 0.053937 0.025188
0 0.859820 0.590273 0.067859 0.053797
2 0.959125 0.684062 0.070500 0.030406
0 0.693945 0.614250 0.077891 0.066938
0 0.306391 0.612742 0.076938 0.067078
2 0.030750 0.695641 0.050750 0.028375
