2 0.958602 0.684055 0.071047 0.030859
0 0.317156 0.621609 0.073969 0.065187
2 0.102352 0.615422 0.064234 0.028469
1 0.554117 0.515219 0.047391 0.134500
0 0.736031 0.615898 0.073844 0.069922
2 0.894742 0.606766 0.065234 0.027781
0 0.569055 0.600852 0.065891 0.059078
0 0.648945 0.624477 0.065547 0.060484
0 0.393914 0.620313 0.076266 0.068844
0 0.467258 0.609000 0.066734 0.063906
1 0.494922 0.517766 0.060969 0.153094
2 0.034195 0.696859 0.063359 0.030687
0 0.812719 0.600516 0.062031 0.057000
0 0.249156 0.603133 0.063375 0.057672
