0 0.780031 0.582062 0.073844 0.069937
1 0.560930 0.450539 0.084703 0.133578
1 0.486500 0.457680 0.067687 0.141297
0 0.375625 0.556680 0.073844 0.069922
0 0.303719 0.566836 0.073844 0.069922
0 0.253812 0.564297 0.073844 0.069937
0 0.609984 0.539758 0.073844 0.069922
0 0.702203 0.574445 0.073844 0.069922
0 0.460047 0.548789 0.058969 0.055641
0 0.861250 0.563445 0.073844 0.069922
2 0.958992 0.684102 0.070109 0.030391
2 0.103086 0.615133 0.067234 0.028984
2 0.896453 0.607062 0.063094 0.027219
2 0.031305 0.695812 0.051984 0.028688
