0 0.702203 0.582062 0.073844 0.069937
1 0.563477 0.488586 0.062734 0.135297
0 0.778773 0.582508 0.069641 0.065641
0 0.876500 0.561328 0.065437 0.062344
2 0.959180 0.684219 0.069766 0.030750
1 0.495789 0.480570 0.060953 0.144578
0 0.340094 0.566836 0.073844 0.069922
2 0.102836 0.615039 0.065391 0.027984
2 0.031516 0.695602 0.052438 0.028484
2 0.895352 0.606203 0.066703 0.026781
0 0.421844 0.554633 0.070219 0.062078
0 0.270734 0.574445 0.073844 0.069922
0 0.215695 0.559664 0.065453 0.060578
0 0.623086 0.557555 0.067891 0.064797
