0 0.453641 0.534812 0.075719 0.071281
1 0.563852 0.489391 0.068547 0.138781
0 0.605008 0.552438 0.062141 0.059094
0 0.789023 0.567836 0.077641 0.059141
0 0.227562 0.557227 0.059844 0.055297
2 0.899359 0.605875 0.063531 0.025625
1 0.480570 0.475914 0.055828 0.135266
0 0.368656 0.550750 0.080156 0.075469
0 0.292414 0.562320 0.077266 0.069984
2 0.031211 0.695805 0.051672 0.028797
2 0.103398 0.615281 0.066922 0.029625
2 0.959031 0.683992 0.070094 0.030453
0 0.885781 0.564297 0.073844 0.069937
0 0.689508 0.567680 0.073828 0.069922
