0 0.458812 0.510617 0.094594 0.082422
0 0.370453 0.541398 0.076031 0.071453
2 0.959305 0.684039 0.070141 0.030422
2 0.102320 0.615242 0.063641 0.028672
0 0.293734 0.548836 0.076031 0.069391
0 0.226281 0.553852 0.061219 0.056359
2 0.030602 0.695539 0.050297 0.028016
0 0.711945 0.522734 0.084609 0.081781
0 0.821859 0.533031 0.074531 0.070969
0 0.904789 0.561805 0.055328 0.067922
2 0.895461 0.607195 0.064359 0.027141
0 0.613828 0.527797 0.069656 0.065844
1 0.568922 0.488602 0.066844 0.131891
1 0.490242 0.483484 0.051734 0.131969
