2 0.102898 0.615305 0.066172 0.028609
1 0.565953 0.495773 0.060906 0.120922
1 0.494945 0.488164 0.047391 0.134453
0 0.690359 0.599828 0.073844 0.069937
0 0.585453 0.576984 0.073844 0.069937
0 0.393406 0.580367 0.073844 0.069922
0 0.307953 0.565141 0.073844 0.069937
0 0.225516 0.532508 0.052781 0.047516
0 0.649648 0.522922 0.064203 0.046844
0 0.477281 0.574258 0.076187 0.061891
0 0.935781 0.503641 0.063937 0.062406
0 0.793500 0.583891 0.074688 0.070688
2 0.031109 0.695773 0.051531 0.028547
2 0.896203 0.606805 0.066188 0.027703
2 0.958305 0.683867 0.071766 0.029766
