0 0.479516 0.603164 0.065531 0.058766
0 0.587688 0.603000 0.063563 0.056313
2 0.894344 0.606773 0.065813 0.028797
0 0.280820 0.588273 0.064891 0.051453
0 0.812187 0.591367 0.073844 0.069922
0 0.750422 0.612523 0.073844 0.069922
1 0.571484 0.512273 0.048281 0.153922
0 0.343203 0.617906 0.070563 0.059813
0 0.668195 0.615555 0.077359 0.061984
2 0.958719 0.684109 0.070906 0.030906
2 0.102469 0.615508 0.064750 0.028703
1 0.509367 0.529984 0.055328 0.143094
0 0.409250 0.620430 0.068563 0.058203
2 0.034680 0.696820 0.064266 0.030609
