0 0.353641 0.570219 0.073844 0.069937
0 0.221219 0.561789 0.061187 0.052953
0 0.431656 0.553234 0.067969 0.060969
2 0.897602 0.606273 0.067141 0.025984
2 0.031992 0.695805 0.053547 0.028859
2 0.102281 0.614797 0.066969 0.029969
2 0.958875 0.684156 0.070969 0.030750
1 0.567680 0.481391 0.060984 0.153094
1 0.496633 0.477992 0.071078 0.149734
0 0.870961 0.563016 0.066203 0.065719
0 0.770734 0.580367 0.073844 0.069922
0 0.683578 0.583758 0.073844 0.069922
0 0.604063 0.558375 0.073844 0.069937
0 0.288484 0.571914 0.073844 0.069922
