0 0.600477 0.586445 0.064078 0.056828
1 0.483125 0.479914 0.070531 0.138547
0 0.296953 0.545680 0.073844 0.069922
0 0.361250 0.545680 0.073844 0.069922
1 0.565125 0.497883 0.057563 0.128578
2 0.031117 0.695742 0.051828 0.028578
2 0.896578 0.606273 0.064844 0.026234
2 0.102078 0.615141 0.066031 0.029813
2 0.959211 0.684070 0.069953 0.030797
0 0.905758 0.506586 0.070516 0.064359
0 0.447727 0.552031 0.068766 0.059375
0 0.789984 0.571852 0.074156 0.064172
0 0.232656 0.527070 0.073844 0.069922
0 0.678937 0.596484 0.067281 0.063594
