2 0.102219 0.615672 0.063750 0.028594
0 0.773055 0.606320 0.073047 0.073547
0 0.370148 0.615898 0.072578 0.076578
2 0.030836 0.695469 0.050516 0.027844
0 0.292438 0.609555 0.078625 0.073359
0 0.686789 0.572883 0.079984 0.082578
0 0.453234 0.577461 0.071344 0.068078
2 0.907680 0.605641 0.042797 0.024719
0 0.022586 0.638516 0.045172 0.050500
1 0.489852 0.512687 0.060984 0.153094
0 0.551609 0.516070 0.073844 0.069922
2 0.958523 0.684180 0.071453 0.030953
0 0.866937 0.608703 0.053281 0.059844
0 0.215578 0.590492 0.059438 0.063391
