1 0.494531 0.501281 0.034688 0.111625
0 0.584172 0.597875 0.068969 0.060000
0 0.304898 0.565250 0.070828 0.068500
0 0.667945 0.625727 0.067672 0.064547
0 0.930813 0.479289 0.068062 0.067859
0 0.472164 0.574641 0.079078 0.059500
0 0.785078 0.596156 0.074094 0.065844
2 0.031422 0.695867 0.052375 0.028828
2 0.895742 0.607320 0.067391 0.029203
2 0.103172 0.615211 0.067219 0.029734
2 0.958242 0.684078 0.072078 0.030125
0 0.221656 0.505070 0.073844 0.069922
0 0.386625 0.581219 0.073844 0.069937
1 0.562617 0.507164 0.069453 0.113391
