0 0.806852 0.597641 0.058578 0.052500
1 0.497461 0.521148 0.060984 0.153109
1 0.557531 0.516047 0.047438 0.139594
0 0.737734 0.615055 0.073844 0.069922
2 0.958687 0.684211 0.070937 0.031047
2 0.102586 0.615133 0.063422 0.028641
0 0.253539 0.602094 0.062484 0.061188
0 0.325039 0.618820 0.071391 0.067484
2 0.894781 0.606836 0.065375 0.027922
2 0.034297 0.696758 0.063656 0.030547
0 0.469359 0.608945 0.064875 0.063641
0 0.398133 0.616344 0.075922 0.068625
0 0.654930 0.619570 0.076641 0.064016
0 0.573266 0.603500 0.062063 0.056875
0 0.645797 0.620023 0.054406 0.053516
