2 0.102078 0.615227 0.066594 0.029328
2 0.894211 0.608656 0.072359 0.034125
2 0.031664 0.695961 0.052734 0.029172
0 0.022508 0.638352 0.045016 0.051422
0 0.671734 0.596445 0.073844 0.069922
0 0.751266 0.596445 0.073844 0.069922
0 0.826969 0.577375 0.064500 0.060687
2 0.958039 0.684266 0.072484 0.031156
1 0.482234 0.455117 0.077906 0.131172
0 0.368016 0.571063 0.073844 0.069937
0 0.302875 0.583758 0.073844 0.069922
0 0.239852 0.576172 0.062828 0.061406
1 0.557938 0.467820 0.071938 0.124391
0 0.603227 0.563469 0.065422 0.068187
0 0.439078 0.543992 0.073844 0.069922
