1 0.565602 0.501719 0.070359 0.117500
2 0.958156 0.684180 0.072219 0.029953
2 0.102891 0.615195 0.067125 0.029984
2 0.896016 0.606766 0.067094 0.026719
2 0.031133 0.695844 0.051641 0.028844
0 0.935180 0.515891 0.066641 0.063031
0 0.455391 0.530797 0.078812 0.074906
0 0.591891 0.591844 0.073750 0.062844
0 0.679180 0.623961 0.073453 0.066984
0 0.218344 0.549422 0.054656 0.054156
0 0.298133 0.590180 0.070109 0.064828
0 0.787805 0.604984 0.075547 0.070844
0 0.378172 0.586297 0.073844 0.069937
1 0.481398 0.481781 0.052484 0.132000
