2 0.102602 0.615289 0.067891 0.029391
2 0.031289 0.695867 0.052141 0.028859
2 0.894344 0.607961 0.067656 0.030766
0 0.366328 0.567680 0.073844 0.069922
0 0.437391 0.537227 0.073844 0.069922
0 0.613359 0.559219 0.073844 0.069937
0 0.676812 0.598141 0.073844 0.069937
0 0.761422 0.598141 0.073844 0.069937
0 0.022539 0.638352 0.045078 0.050984
0 0.835023 0.578648 0.063703 0.063234
1 0.570227 0.445469 0.082984 0.111563
2 0.958273 0.684258 0.071828 0.030953
0 0.239023 0.568914 0.066172 0.064078
0 0.305414 0.579523 0.073828 0.069922
1 0.485633 0.449273 0.089703 0.119172
