2 0.030969 0.695805 0.051344 0.028734
1 0.481352 0.476297 0.054266 0.137906
1 0.559187 0.488992 0.066000 0.131109
0 0.688656 0.562602 0.073844 0.069922
2 0.958883 0.683914 0.070641 0.030359
2 0.102672 0.615320 0.066969 0.030203
0 0.368281 0.554312 0.079750 0.074344
0 0.292648 0.562680 0.076422 0.067828
0 0.450414 0.537227 0.072641 0.063766
2 0.899086 0.606273 0.062859 0.025016
0 0.226320 0.555266 0.062016 0.056125
0 0.882797 0.563961 0.047250 0.053078
0 0.783844 0.567648 0.077937 0.061672
0 0.602844 0.553695 0.060656 0.057766
