1 0.549945 0.498320 0.061047 0.134453
1 0.488148 0.527922 0.060984 0.153094
2 0.102859 0.616109 0.062188 0.027500
2 0.959055 0.684195 0.070453 0.030703
0 0.371109 0.633070 0.074219 0.066672
0 0.300641 0.639031 0.070969 0.064688
0 0.227461 0.623164 0.056391 0.056266
2 0.895938 0.606484 0.061500 0.025906
0 0.765367 0.581070 0.077859 0.065453
0 0.686203 0.576688 0.077750 0.078375
2 0.030453 0.695250 0.049781 0.027469
0 0.020320 0.642836 0.040641 0.051859
0 0.564516 0.578844 0.070156 0.067750
0 0.455586 0.600414 0.064703 0.058797
0 0.842063 0.586977 0.057281 0.055016
