0 0.354336 0.574484 0.079484 0.073469
0 0.280508 0.571234 0.076609 0.072406
0 0.020813 0.642234 0.041625 0.052781
0 0.557609 0.602633 0.069156 0.071203
0 0.859945 0.622578 0.057703 0.061813
0 0.668820 0.640250 0.071359 0.074781
0 0.451016 0.558312 0.067625 0.064250
2 0.033305 0.696180 0.066609 0.029422
2 0.958945 0.684117 0.070172 0.030828
2 0.101836 0.615883 0.062547 0.027328
2 0.905805 0.606422 0.044891 0.024531
0 0.210813 0.580773 0.056094 0.060172
0 0.756047 0.636398 0.076781 0.067391
1 0.489852 0.506766 0.060984 0.153094
0 0.461883 0.553625 0.095641 0.074531
2 0.030359 0.695437 0.049562 0.027531
