0 0.294422 0.568523 0.073844 0.069922
2 0.102430 0.616336 0.064828 0.027797
2 0.959703 0.684305 0.069594 0.031328
0 0.901773 0.530164 0.060797 0.073047
0 0.777367 0.569680 0.070516 0.068828
2 0.031430 0.695742 0.052266 0.028797
2 0.896984 0.606695 0.066687 0.026203
0 0.444898 0.560688 0.069984 0.060937
0 0.225781 0.562555 0.057500 0.054672
0 0.683523 0.578500 0.067359 0.067500
1 0.548258 0.495328 0.055984 0.126906
1 0.488602 0.479281 0.055016 0.137000
0 0.581219 0.575297 0.073844 0.069937
0 0.362094 0.566836 0.073844 0.069922
