2 0.031531 0.695680 0.052625 0.028484
0 0.781227 0.564641 0.080828 0.067656
2 0.895898 0.606625 0.065203 0.027500
0 0.454195 0.570523 0.071797 0.057891
0 0.667750 0.599492 0.064031 0.061453
1 0.489820 0.487758 0.050891 0.130203
1 0.561750 0.500852 0.055875 0.122641
0 0.591125 0.590563 0.066125 0.057719
0 0.219969 0.499148 0.073844 0.069922
0 0.298641 0.532148 0.073844 0.069922
0 0.374781 0.550758 0.073844 0.069922
2 0.958961 0.684031 0.070391 0.030625
2 0.102438 0.615195 0.066281 0.029672
0 0.890617 0.479930 0.069391 0.063016
