0 0.255500 0.528758 0.073844 0.069922
1 0.486023 0.458563 0.060172 0.132750
1 0.570672 0.481828 0.068656 0.130219
0 0.314719 0.558375 0.073844 0.069937
2 0.031047 0.695719 0.051344 0.028437
2 0.896648 0.606219 0.064172 0.025063
0 0.708531 0.561133 0.078188 0.071891
0 0.916211 0.534602 0.056453 0.069359
0 0.459648 0.512234 0.098766 0.080469
0 0.793695 0.563352 0.075672 0.069391
0 0.604758 0.541727 0.053297 0.067672
0 0.375711 0.551867 0.087266 0.077953
2 0.959211 0.683945 0.070453 0.030453
2 0.102813 0.615109 0.066781 0.030187
