0 0.228422 0.552453 0.073844 0.069937
0 0.774953 0.580367 0.073844 0.069922
0 0.602375 0.568523 0.073844 0.069922
1 0.487273 0.476281 0.057672 0.141313
2 0.959219 0.684164 0.070063 0.030641
2 0.102664 0.616414 0.065172 0.028078
2 0.031688 0.695828 0.052875 0.029063
0 0.887375 0.551219 0.055625 0.055594
0 0.439523 0.558023 0.068422 0.054766
2 0.897445 0.606555 0.065078 0.025109
0 0.686063 0.583914 0.069031 0.061828
0 0.358719 0.563445 0.073844 0.069922
0 0.292719 0.565141 0.073844 0.069937
1 0.555438 0.486492 0.058500 0.127672
