2 0.894891 0.607437 0.067000 0.030531
0 0.838406 0.584602 0.073844 0.069922
0 0.772422 0.591367 0.073844 0.069922
0 0.698813 0.577836 0.073844 0.069922
0 0.374781 0.560914 0.073844 0.069922
0 0.317258 0.572758 0.073828 0.069922
0 0.284266 0.577836 0.073844 0.069922
2 0.958656 0.684078 0.070906 0.030750
2 0.102297 0.615086 0.066062 0.029703
2 0.031375 0.695836 0.052125 0.028766
0 0.597219 0.559555 0.062250 0.061734
0 0.458812 0.529594 0.084125 0.063063
1 0.564695 0.494070 0.066859 0.120953
1 0.487328 0.474180 0.052469 0.133672
