0 0.853922 0.564602 0.052844 0.047891
2 0.958633 0.684094 0.071391 0.030594
0 0.753812 0.587984 0.073844 0.069937
0 0.660773 0.587148 0.072203 0.069922
0 0.238992 0.558773 0.064547 0.060672
0 0.309641 0.571914 0.073844 0.069922
0 0.374781 0.569367 0.073844 0.069922
1 0.500000 0.467461 0.072813 0.147109
1 0.562578 0.484797 0.050781 0.153031
0 0.588562 0.564461 0.066406 0.062703
0 0.455172 0.553891 0.066719 0.061562
2 0.895492 0.606148 0.065734 0.026891
2 0.031547 0.695703 0.052438 0.028562
2 0.102320 0.614750 0.064703 0.029281
