2 0.031773 0.695727 0.053016 0.028672
0 0.427766 0.558453 0.065375 0.059375
0 0.609984 0.560070 0.073844 0.069922
0 0.216602 0.551594 0.061953 0.063187
0 0.280031 0.568523 0.073844 0.069922
1 0.560516 0.474164 0.068656 0.137078
1 0.484352 0.472469 0.061828 0.145562
0 0.696281 0.578680 0.073844 0.069922
0 0.779195 0.576539 0.068797 0.067453
0 0.349406 0.565992 0.073844 0.069922
0 0.886219 0.550359 0.062875 0.062281
2 0.959156 0.684148 0.069875 0.030391
2 0.102484 0.614922 0.065469 0.028844
2 0.896664 0.606062 0.064578 0.025469
