0 0.219969 0.552969 0.052656 0.051844
2 0.031547 0.695727 0.052375 0.028859
2 0.894937 0.606641 0.065125 0.026906
0 0.364641 0.581219 0.073844 0.069937
1 0.487273 0.489859 0.057672 0.137844
1 0.551633 0.497914 0.045797 0.130203
0 0.575297 0.560914 0.073844 0.069922
0 0.671734 0.575297 0.073844 0.069937
0 0.754656 0.574445 0.073844 0.069922
0 0.843516 0.564477 0.052031 0.046859
0 0.292719 0.573602 0.073844 0.069922
2 0.102180 0.616297 0.065109 0.027906
2 0.958867 0.684156 0.070328 0.030594
0 0.625148 0.523711 0.054078 0.042797
0 0.455055 0.574984 0.066391 0.057531
