2 0.897672 0.606398 0.059938 0.026297
2 0.031211 0.695680 0.051734 0.028453
2 0.102586 0.615367 0.064391 0.029047
0 0.451695 0.512789 0.097828 0.066734
2 0.958367 0.683969 0.071734 0.030531
1 0.581242 0.442914 0.105016 0.130203
1 0.476289 0.461492 0.061016 0.137047
0 0.316406 0.567680 0.073844 0.069922
0 0.369719 0.547375 0.073844 0.069937
0 0.636203 0.471234 0.073844 0.069938
0 0.761422 0.505070 0.073844 0.069922
0 0.785953 0.577836 0.073844 0.069922
0 0.845172 0.599828 0.073844 0.069937
0 0.285953 0.582914 0.073844 0.069922
