0 0.556086 0.596508 0.051234 0.064891
1 0.489000 0.517766 0.060969 0.153094
1 0.552867 0.516469 0.044891 0.132000
0 0.735187 0.620977 0.073844 0.069922
0 0.238078 0.602289 0.059813 0.059078
2 0.958477 0.683914 0.071453 0.030703
2 0.102266 0.615500 0.063719 0.027906
0 0.386562 0.621844 0.071062 0.065281
0 0.311070 0.622289 0.071828 0.066797
2 0.894461 0.606664 0.065672 0.028234
0 0.462906 0.611203 0.064281 0.062688
2 0.034164 0.696625 0.062859 0.030125
0 0.566094 0.598531 0.072125 0.062156
0 0.650813 0.623984 0.067969 0.062781
0 0.817602 0.600922 0.056172 0.053531
