2 0.102273 0.615039 0.064922 0.028359
2 0.958906 0.684148 0.070531 0.030703
2 0.031391 0.695695 0.052187 0.028641
0 0.410961 0.556148 0.069328 0.061516
2 0.896039 0.606172 0.065672 0.026469
0 0.200484 0.553750 0.060344 0.057187
0 0.259734 0.571063 0.073844 0.069937
0 0.325719 0.571914 0.073844 0.069922
0 0.630281 0.556680 0.073844 0.069922
0 0.708125 0.585445 0.073844 0.069922
0 0.784266 0.583320 0.067094 0.065703
0 0.876922 0.559195 0.064594 0.061516
1 0.495805 0.480984 0.065984 0.136969
1 0.568516 0.489016 0.062656 0.136156
