0 0.732938 0.505563 0.082406 0.071156
1 0.566836 0.483492 0.069453 0.140422
1 0.483531 0.481813 0.053313 0.133625
2 0.959016 0.683969 0.070562 0.030531
0 0.368820 0.533117 0.083484 0.078078
2 0.102758 0.615367 0.064922 0.028859
0 0.897789 0.558477 0.056547 0.066797
2 0.030805 0.695625 0.050734 0.028188
0 0.289828 0.548086 0.080563 0.069578
0 0.818258 0.525180 0.078203 0.074672
0 0.230766 0.565297 0.058406 0.058063
0 0.459578 0.513391 0.095688 0.079844
2 0.897102 0.606828 0.063953 0.027062
0 0.616750 0.498305 0.073844 0.069922
