0 0.739422 0.525383 0.073844 0.069922
1 0.576172 0.445039 0.098281 0.122578
1 0.470836 0.461539 0.068547 0.135266
0 0.849797 0.605563 0.062000 0.057250
0 0.779187 0.579523 0.073844 0.069922
2 0.030922 0.695719 0.051188 0.028469
2 0.102570 0.615320 0.064734 0.029391
2 0.958672 0.684039 0.071156 0.030453
2 0.900383 0.606469 0.054422 0.026094
0 0.618437 0.487305 0.073844 0.069922
0 0.366328 0.546531 0.073844 0.069938
0 0.312188 0.568523 0.073844 0.069922
0 0.282578 0.581219 0.073844 0.069937
0 0.434312 0.496867 0.079250 0.063109
