2 0.958359 0.684109 0.071750 0.030938
0 0.658531 0.570188 0.074187 0.067563
2 0.102617 0.614961 0.066422 0.029828
0 0.852914 0.552359 0.054734 0.054688
2 0.034914 0.696250 0.069828 0.030187
2 0.894742 0.606422 0.068109 0.027719
1 0.540578 0.534297 0.054156 0.072656
1 0.502094 0.493273 0.063563 0.137797
0 0.442469 0.512687 0.073844 0.069937
0 0.368016 0.547375 0.073844 0.069937
0 0.302031 0.552453 0.073844 0.069937
0 0.234344 0.539758 0.073844 0.069922
0 0.580375 0.549914 0.073844 0.069922
0 0.746188 0.579523 0.073844 0.069922
