1 0.559219 0.497438 0.064375 0.122687
1 0.483039 0.489430 0.049203 0.128547
0 0.379859 0.571914 0.073844 0.069922
0 0.582062 0.569367 0.073844 0.069922
0 0.900680 0.517445 0.074953 0.066953
2 0.031555 0.695852 0.052734 0.028922
2 0.895609 0.606180 0.066781 0.026547
2 0.102688 0.615289 0.067094 0.030078
2 0.959078 0.684078 0.070719 0.031062
0 0.307953 0.565992 0.073844 0.069922
0 0.229266 0.527914 0.073844 0.069922
0 0.453109 0.567883 0.068719 0.054609
0 0.672297 0.595187 0.059156 0.060438
0 0.766289 0.591195 0.067516 0.064078
