2 0.102969 0.615195 0.066812 0.029422
2 0.958531 0.684195 0.071312 0.030672
1 0.492383 0.431875 0.069453 0.118438
0 0.381562 0.563445 0.073844 0.069922
2 0.894914 0.607008 0.064859 0.028672
1 0.567695 0.404852 0.099922 0.111578
0 0.636203 0.512687 0.073844 0.069937
0 0.710656 0.568523 0.073844 0.069922
0 0.265656 0.572758 0.073844 0.069922
0 0.318109 0.580367 0.073844 0.069922
0 0.445859 0.507617 0.073844 0.069922
0 0.769031 0.599828 0.073844 0.069937
0 0.835875 0.592211 0.073844 0.069922
2 0.031227 0.695812 0.051828 0.028656
