0 0.241969 0.554992 0.073844 0.069922
0 0.298641 0.560070 0.073844 0.069922
0 0.371406 0.555836 0.073844 0.069922
0 0.465313 0.541453 0.073844 0.069938
0 0.787641 0.581219 0.073844 0.069937
1 0.484352 0.461070 0.061828 0.144641
1 0.567227 0.467437 0.070234 0.142063
0 0.595594 0.553297 0.073844 0.069937
0 0.700500 0.579523 0.073844 0.069922
2 0.958789 0.684180 0.070859 0.030703
2 0.102711 0.615258 0.066484 0.029016
2 0.031305 0.695781 0.052016 0.028594
0 0.884078 0.560055 0.054906 0.054484
2 0.897492 0.606367 0.061516 0.025234
