2 0.958609 0.684094 0.071375 0.030719
0 0.294945 0.564445 0.077922 0.074797
2 0.031211 0.695828 0.051891 0.028781
0 0.805508 0.560648 0.076484 0.073766
0 0.705070 0.535477 0.080953 0.076328
1 0.483047 0.477156 0.057656 0.136187
1 0.562195 0.488156 0.061859 0.137875
0 0.252953 0.572758 0.073844 0.069922
0 0.459687 0.517125 0.094281 0.073781
0 0.367391 0.545922 0.081156 0.079594
2 0.906500 0.605945 0.050031 0.027609
0 0.885781 0.574445 0.073844 0.069922
0 0.608281 0.529609 0.073844 0.069937
2 0.102703 0.615227 0.066500 0.030547
