2 0.103031 0.615109 0.062500 0.027531
0 0.827406 0.566836 0.073844 0.069922
0 0.748734 0.582062 0.073844 0.069937
0 0.670047 0.583758 0.073844 0.069922
0 0.575297 0.578680 0.073844 0.069922
2 0.030711 0.695336 0.050516 0.027766
0 0.260133 0.615508 0.069641 0.062266
0 0.316406 0.615898 0.073844 0.069922
0 0.374781 0.604055 0.073844 0.069922
2 0.893203 0.606781 0.069469 0.027344
0 0.445672 0.580680 0.055125 0.055859
1 0.544008 0.491984 0.077922 0.130219
1 0.491945 0.526258 0.051703 0.146266
2 0.958742 0.684195 0.071172 0.030953
