0 0.758875 0.601523 0.073844 0.069922
0 0.832930 0.582914 0.062891 0.061453
1 0.574000 0.436992 0.097312 0.118359
0 0.362938 0.571063 0.073844 0.069937
0 0.608047 0.567313 0.067219 0.069000
2 0.031484 0.695867 0.052531 0.028828
2 0.894227 0.607797 0.069266 0.031625
2 0.102555 0.615344 0.067578 0.029781
2 0.958070 0.684187 0.072297 0.030813
1 0.483914 0.445836 0.093141 0.117609
0 0.432312 0.546945 0.063687 0.062328
0 0.234312 0.569836 0.062062 0.057172
0 0.299484 0.582062 0.073844 0.069937
0 0.675969 0.598984 0.073844 0.069937
