0 0.244937 0.530445 0.061094 0.052016
0 0.452180 0.512930 0.084547 0.072234
0 0.731437 0.522336 0.083687 0.081578
0 0.808805 0.537023 0.077109 0.071547
0 0.373000 0.548695 0.087094 0.078734
2 0.031133 0.695758 0.051484 0.028578
2 0.102984 0.615234 0.067000 0.029719
2 0.959086 0.684094 0.071141 0.030656
0 0.922039 0.538578 0.063141 0.068219
1 0.490258 0.460625 0.056766 0.121875
0 0.620984 0.523687 0.073844 0.069938
1 0.574430 0.479305 0.067703 0.130172
2 0.896859 0.606461 0.063281 0.026141
0 0.309492 0.550852 0.074203 0.068359
