2 0.894000 0.607922 0.069344 0.032406
1 0.487711 0.446234 0.083859 0.113406
0 0.834211 0.583789 0.063766 0.064766
0 0.759734 0.601523 0.073844 0.069922
0 0.679359 0.598141 0.073844 0.069937
0 0.233063 0.569406 0.064562 0.056313
0 0.296109 0.581219 0.073844 0.069937
1 0.571508 0.442438 0.083859 0.114250
0 0.357867 0.570219 0.073828 0.069937
2 0.958133 0.684211 0.072016 0.030922
2 0.102719 0.615383 0.067531 0.029203
2 0.031336 0.695875 0.052141 0.028812
0 0.608477 0.568703 0.068641 0.060875
0 0.428539 0.539555 0.081641 0.069203
