0 0.258437 0.585602 0.056844 0.054891
2 0.031234 0.695766 0.051719 0.028688
0 0.487531 0.573164 0.068062 0.060828
0 0.403617 0.593359 0.078922 0.067094
0 0.888297 0.584844 0.056625 0.056531
2 0.034531 0.696477 0.069062 0.030484
2 0.102680 0.615437 0.063234 0.027719
2 0.959437 0.684234 0.069844 0.030844
1 0.578680 0.498305 0.060078 0.142984
0 0.596445 0.576984 0.067797 0.064938
1 0.530453 0.519461 0.060062 0.142984
0 0.679461 0.600281 0.067797 0.064938
0 0.320664 0.594258 0.080766 0.064672
0 0.777953 0.598328 0.074969 0.064594
