0 0.854688 0.568641 0.058063 0.055156
2 0.031484 0.695875 0.052344 0.029094
2 0.102484 0.614977 0.065438 0.029453
0 0.657359 0.586297 0.073844 0.069937
0 0.583766 0.563484 0.063719 0.064781
0 0.431016 0.529156 0.067969 0.062375
0 0.357016 0.554992 0.073844 0.069922
0 0.290187 0.560063 0.073844 0.069937
0 0.226766 0.550766 0.070406 0.066531
1 0.542336 0.517336 0.067828 0.118422
1 0.496625 0.476766 0.074500 0.145406
2 0.958477 0.684195 0.071703 0.030984
0 0.748609 0.588539 0.084750 0.077734
2 0.895523 0.605891 0.066078 0.027656
