1 0.489430 0.478031 0.051672 0.139500
2 0.031305 0.695758 0.051922 0.028516
2 0.896727 0.606656 0.065734 0.025875
0 0.798703 0.583516 0.074625 0.073562
0 0.652484 0.522875 0.066719 0.047187
0 0.476313 0.560070 0.073844 0.069922
0 0.384938 0.563445 0.073844 0.069922
0 0.299484 0.558375 0.073844 0.069937
0 0.227578 0.532992 0.073844 0.069922
0 0.591375 0.574445 0.073844 0.069922
0 0.698813 0.595602 0.073844 0.069922
2 0.958484 0.684117 0.071812 0.030203
2 0.102766 0.615211 0.065812 0.028766
0 0.927867 0.524133 0.063703 0.066484
1 0.567672 0.488586 0.064344 0.126859
